DB 0, 0, 0, 0, 0, 0, 0, 17, 0, 0, 0, 0, 0, 0, 0, 0, 0, 0, 0, 0
DB 0, 0, 0, 0, 0, 0, 0, 0, 0, 0, 0, 0, 0, 0, 223, 3, 3, 3, 3, 3
DB 18, 0, 0, 0, 0, 0, 0, 0, 3, 3, 3, 3, 3, 3, 17, 0, 0, 0, 0, 0
DB 0, 0, 0, 3, 3, 3, 3, 3, 3, 3, 3, 3, 0, 0, 0, 0, 0, 3, 3, 3
DB 3, 3, 3, 3, 3, 3, 0, 0, 0, 0, 0, 0, 221, 3, 3, 3, 3, 3, 3, 3
DB 3, 3, 197, 0, 0, 0, 3, 3, 3, 3, 3, 3, 3, 3, 3, 3, 0, 0, 0, 0
DB 0, 0, 3, 3, 3, 3, 28, 29, 28, 3, 3, 3, 3, 17, 0, 17, 3, 3, 3, 3
DB 28, 29, 28, 3, 3, 3, 3, 0, 0, 0, 0, 17, 3, 3, 3, 28, 29, 28, 29, 28
DB 3, 3, 3, 3, 0, 3, 3, 3, 3, 29, 29, 29, 29, 3, 3, 3, 3, 17, 0, 0
DB 0, 17, 3, 3, 3, 28, 28, 29, 29, 29, 28, 3, 3, 3, 3, 3, 3, 3, 3, 29
DB 29, 29, 29, 7, 3, 3, 3, 18, 0, 0, 0, 17, 3, 3, 3, 28, 29, 29, 29, 29
DB 29, 3, 3, 3, 3, 3, 3, 3, 3, 29, 29, 29, 29, 7, 3, 3, 3, 19, 0, 0
DB 0, 17, 3, 3, 3, 28, 29, 29, 29, 29, 29, 29, 3, 3, 3, 3, 3, 3, 3, 29
DB 29, 29, 29, 7, 3, 3, 3, 19, 0, 0, 0, 17, 3, 3, 3, 28, 29, 29, 29, 29
DB 29, 29, 29, 3, 3, 3, 3, 3, 3, 29, 29, 29, 29, 7, 3, 3, 3, 19, 0, 0
DB 0, 17, 3, 3, 3, 28, 29, 29, 29, 29, 29, 29, 29, 28, 3, 3, 3, 3, 3, 29
DB 29, 29, 29, 7, 3, 3, 3, 19, 0, 0, 0, 17, 3, 3, 3, 28, 29, 29, 29, 29
DB 29, 29, 29, 29, 3, 3, 3, 3, 3, 29, 29, 29, 29, 7, 3, 3, 3, 19, 0, 0
DB 0, 17, 3, 3, 3, 28, 29, 29, 29, 29, 29, 29, 29, 29, 29, 3, 3, 3, 3, 29
DB 29, 29, 29, 7, 3, 3, 3, 19, 0, 0, 0, 17, 3, 3, 3, 28, 29, 29, 29, 28
DB 27, 29, 29, 29, 29, 29, 3, 3, 3, 29, 29, 29, 29, 7, 3, 3, 3, 19, 0, 0
DB 0, 17, 3, 3, 3, 28, 29, 29, 29, 28, 3, 28, 29, 29, 29, 29, 29, 3, 3, 29
DB 29, 29, 29, 7, 3, 3, 3, 19, 0, 0, 0, 17, 3, 3, 3, 28, 29, 29, 29, 28
DB 3, 3, 28, 29, 29, 29, 29, 29, 28, 29, 29, 29, 29, 7, 3, 3, 3, 19, 0, 0
DB 0, 17, 3, 3, 3, 28, 29, 29, 29, 28, 3, 3, 3, 29, 29, 29, 29, 29, 29, 29
DB 29, 29, 29, 7, 3, 3, 3, 19, 0, 0, 0, 17, 3, 3, 3, 28, 29, 29, 29, 28
DB 3, 3, 3, 3, 29, 29, 29, 29, 29, 29, 29, 29, 29, 7, 3, 3, 3, 19, 0, 0
DB 0, 17, 3, 3, 3, 28, 29, 29, 29, 28, 3, 3, 3, 3, 3, 29, 29, 29, 29, 29
DB 29, 29, 29, 7, 3, 3, 3, 19, 0, 0, 0, 17, 3, 3, 3, 28, 29, 29, 29, 28
DB 3, 3, 3, 3, 3, 3, 29, 29, 29, 29, 29, 29, 29, 7, 3, 3, 3, 19, 0, 0
DB 0, 17, 3, 3, 3, 28, 29, 29, 29, 28, 3, 3, 3, 3, 3, 3, 3, 29, 29, 29
DB 29, 29, 29, 7, 3, 3, 3, 19, 0, 0, 0, 17, 3, 3, 3, 28, 29, 29, 29, 28
DB 3, 3, 3, 3, 3, 3, 3, 28, 29, 29, 29, 29, 29, 7, 3, 3, 3, 19, 0, 0
DB 0, 17, 3, 3, 3, 28, 29, 29, 29, 28, 3, 3, 3, 148, 3, 3, 3, 3, 29, 29
DB 29, 29, 29, 7, 3, 3, 3, 19, 0, 0, 0, 17, 3, 3, 3, 28, 29, 28, 29, 28
DB 3, 3, 3, 19, 3, 3, 3, 3, 3, 29, 29, 29, 29, 25, 3, 3, 3, 19, 0, 0
DB 0, 0, 3, 3, 3, 3, 29, 29, 29, 3, 3, 3, 3, 19, 0, 3, 3, 3, 3, 3
DB 29, 29, 27, 3, 3, 3, 148, 245, 0, 0, 0, 0, 3, 3, 3, 3, 3, 3, 3, 3
DB 3, 3, 148, 19, 0, 0, 3, 3, 3, 3, 3, 3, 3, 3, 3, 3, 245, 245, 0, 0
DB 0, 0, 0, 3, 3, 3, 3, 3, 3, 3, 3, 3, 20, 18, 0, 0, 0, 3, 3, 3
DB 3, 3, 3, 3, 3, 245, 245, 18, 0, 0, 0, 0, 0, 0, 3, 3, 3, 3, 3, 3
DB 148, 20, 19, 0, 0, 0, 0, 0, 3, 3, 3, 3, 3, 3, 245, 245, 19, 0, 0, 0
DB 0, 0, 0, 0, 0, 0, 244, 245, 245, 245, 19, 18, 0, 0, 0, 0, 0, 0, 0, 17
DB 244, 245, 244, 19, 245, 18, 0, 0, 0, 0, 0, 0, 0, 0, 0, 0, 0, 0, 17, 17
DB 17, 0, 0, 0, 0, 0, 0, 0, 0, 0, 0, 17, 17, 17, 17, 0, 0, 0, 0, 0