DB 0, 0, 0, 0, 0, 0, 0, 0, 0, 0, 18, 123, 124, 3, 3, 3, 124, 195, 0, 0
DB 0, 0, 0, 0, 0, 0, 0, 0, 0, 0, 0, 0, 0, 0, 0, 0, 0, 0, 123, 3
DB 3, 3, 3, 3, 3, 3, 3, 3, 3, 124, 17, 0, 0, 0, 0, 0, 0, 0, 0, 0
DB 0, 0, 0, 0, 0, 0, 195, 3, 3, 3, 3, 3, 3, 3, 3, 3, 3, 3, 3, 3
DB 3, 124, 0, 0, 0, 0, 0, 0, 0, 0, 0, 0, 0, 0, 0, 123, 3, 3, 3, 3
DB 3, 3, 3, 3, 3, 3, 3, 3, 3, 3, 3, 3, 3, 0, 0, 0, 0, 0, 0, 0
DB 0, 0, 0, 0, 124, 3, 3, 3, 3, 3, 28, 29, 29, 29, 29, 29, 29, 29, 3, 3
DB 3, 3, 3, 3, 0, 0, 0, 0, 0, 0, 0, 0, 0, 196, 3, 3, 3, 3, 28, 29
DB 29, 29, 29, 29, 29, 29, 29, 29, 29, 29, 3, 3, 3, 3, 3, 0, 0, 0, 0, 0
DB 0, 0, 17, 3, 3, 3, 3, 29, 29, 29, 29, 29, 29, 29, 29, 29, 29, 29, 29, 29
DB 29, 3, 3, 3, 3, 195, 0, 0, 0, 0, 0, 0, 124, 3, 3, 3, 28, 29, 29, 29
DB 29, 29, 29, 29, 29, 29, 29, 29, 29, 29, 29, 29, 3, 3, 3, 3, 17, 0, 0, 0
DB 0, 17, 3, 3, 3, 3, 29, 29, 29, 29, 29, 25, 3, 3, 3, 3, 3, 28, 29, 29
DB 29, 29, 28, 3, 3, 3, 123, 0, 0, 0, 0, 123, 3, 3, 3, 29, 29, 29, 29, 29
DB 3, 3, 3, 3, 3, 3, 3, 3, 29, 29, 29, 29, 29, 3, 3, 3, 3, 17, 0, 0
DB 0, 3, 3, 3, 3, 29, 29, 29, 29, 7, 3, 3, 3, 3, 3, 3, 3, 3, 3, 29
DB 29, 29, 29, 27, 3, 3, 3, 148, 0, 0, 0, 3, 3, 3, 29, 29, 29, 29, 29, 3
DB 3, 3, 3, 3, 3, 3, 3, 3, 3, 28, 29, 29, 29, 29, 3, 3, 3, 147, 0, 0
DB 17, 3, 3, 3, 28, 29, 29, 29, 28, 3, 3, 3, 3, 3, 3, 3, 3, 3, 3, 3
DB 29, 29, 29, 29, 3, 3, 3, 148, 17, 0, 17, 3, 3, 3, 28, 29, 29, 29, 27, 3
DB 3, 3, 3, 3, 3, 3, 3, 3, 3, 3, 29, 29, 29, 29, 3, 3, 3, 148, 17, 0
DB 17, 3, 3, 3, 28, 29, 29, 29, 28, 3, 3, 3, 3, 3, 29, 29, 27, 3, 3, 3
DB 29, 29, 29, 29, 3, 3, 3, 148, 18, 0, 17, 3, 3, 3, 27, 29, 29, 29, 29, 3
DB 3, 3, 3, 3, 29, 29, 29, 29, 3, 29, 29, 29, 29, 29, 3, 3, 3, 148, 18, 0
DB 0, 3, 3, 3, 29, 29, 29, 29, 29, 3, 3, 3, 3, 3, 29, 29, 29, 29, 29, 29
DB 29, 29, 29, 28, 3, 3, 3, 148, 18, 0, 0, 124, 3, 3, 3, 29, 29, 29, 29, 29
DB 3, 3, 3, 3, 29, 29, 29, 29, 29, 29, 29, 29, 29, 7, 3, 3, 3, 148, 17, 0
DB 0, 195, 3, 3, 3, 28, 29, 29, 29, 29, 28, 3, 3, 3, 3, 28, 29, 29, 29, 29
DB 29, 29, 29, 3, 3, 3, 124, 148, 0, 0, 0, 0, 3, 3, 3, 3, 29, 29, 29, 29
DB 29, 29, 29, 3, 3, 29, 29, 29, 29, 29, 29, 29, 28, 3, 3, 3, 3, 148, 0, 0
DB 0, 0, 195, 3, 3, 3, 3, 29, 29, 29, 29, 29, 29, 29, 29, 29, 29, 29, 29, 29
DB 29, 29, 29, 27, 3, 3, 3, 3, 0, 0, 0, 0, 0, 124, 3, 3, 3, 3, 29, 29
DB 29, 29, 29, 29, 29, 29, 29, 29, 29, 29, 29, 29, 29, 29, 7, 3, 3, 3, 148, 0
DB 0, 0, 0, 0, 3, 3, 3, 3, 3, 28, 29, 29, 29, 29, 29, 29, 29, 29, 29, 29
DB 29, 29, 29, 29, 29, 3, 3, 3, 146, 0, 0, 0, 0, 0, 17, 3, 3, 3, 3, 3
DB 3, 7, 28, 29, 29, 29, 28, 3, 3, 3, 3, 29, 29, 29, 28, 3, 3, 3, 148, 17
DB 0, 0, 0, 0, 0, 0, 124, 3, 3, 3, 3, 3, 3, 3, 3, 3, 3, 3, 3, 3
DB 3, 3, 27, 27, 3, 3, 3, 3, 148, 17, 0, 0, 0, 0, 0, 0, 0, 196, 3, 3
DB 3, 3, 3, 3, 3, 3, 3, 3, 3, 3, 3, 3, 3, 3, 3, 3, 3, 148, 148, 0
DB 0, 0, 0, 0, 0, 0, 0, 0, 0, 220, 3, 3, 3, 3, 3, 3, 3, 3, 148, 3
DB 3, 3, 3, 3, 3, 3, 148, 148, 18, 0, 0, 0, 0, 0, 0, 0, 0, 0, 0, 0
DB 0, 17, 221, 244, 244, 244, 244, 19, 18, 18, 148, 3, 3, 3, 3, 148, 148, 148, 0, 0
DB 0, 0, 0, 0, 0, 0, 0, 0, 0, 0, 0, 0, 0, 0, 0, 0, 0, 0, 0, 0
DB 0, 0, 148, 148, 148, 148, 17, 0, 0, 0, 0, 0, 0, 0, 0, 0, 0, 0, 0, 0
DB 0, 0, 0, 0, 0, 0, 0, 0, 0, 0, 0, 0, 0, 0, 0, 0, 0, 0, 0, 0