DB 0, 0, 0, 0, 17, 128, 152, 152, 151, 17, 0, 0, 0, 0, 0, 0, 0, 0, 0, 17
DB 128, 150, 151, 222, 0, 0, 0, 0, 0, 0, 0, 0, 0, 151, 9, 9, 9, 9, 9, 9
DB 150, 0, 0, 0, 0, 0, 0, 0, 150, 9, 9, 9, 9, 9, 9, 222, 0, 0, 0, 0
DB 0, 0, 150, 9, 9, 9, 9, 9, 9, 9, 9, 9, 0, 0, 0, 0, 0, 9, 9, 9
DB 9, 9, 9, 9, 9, 9, 128, 0, 0, 0, 0, 200, 9, 9, 9, 9, 56, 56, 9, 9
DB 9, 9, 151, 0, 0, 0, 151, 9, 9, 9, 9, 56, 9, 9, 9, 9, 9, 18, 0, 0
DB 0, 9, 9, 9, 9, 103, 29, 29, 29, 9, 9, 9, 9, 17, 0, 0, 9, 9, 9, 9
DB 81, 29, 29, 79, 9, 9, 9, 9, 0, 0, 0, 9, 9, 9, 56, 29, 28, 28, 29, 56
DB 9, 9, 9, 246, 0, 17, 9, 9, 9, 56, 29, 29, 29, 29, 9, 9, 9, 9, 18, 0
DB 0, 9, 9, 9, 56, 29, 28, 29, 29, 56, 9, 9, 9, 151, 0, 17, 9, 9, 9, 56
DB 29, 29, 29, 29, 9, 9, 9, 9, 19, 0, 0, 9, 9, 9, 56, 29, 28, 29, 29, 27
DB 9, 9, 9, 128, 0, 17, 9, 9, 9, 56, 29, 29, 29, 29, 25, 9, 9, 9, 19, 0
DB 0, 9, 9, 9, 56, 29, 28, 29, 29, 27, 9, 9, 9, 128, 0, 17, 9, 9, 9, 56
DB 29, 29, 29, 29, 25, 9, 9, 9, 19, 0, 0, 9, 9, 9, 56, 29, 28, 29, 29, 27
DB 9, 9, 9, 128, 0, 17, 9, 9, 9, 56, 29, 29, 29, 29, 25, 9, 9, 9, 19, 0
DB 0, 9, 9, 9, 56, 29, 28, 29, 29, 27, 9, 9, 9, 128, 0, 17, 9, 9, 9, 56
DB 29, 29, 29, 29, 25, 9, 9, 9, 19, 0, 0, 9, 9, 9, 56, 29, 28, 29, 29, 27
DB 9, 9, 9, 151, 0, 17, 9, 9, 9, 56, 29, 29, 29, 29, 25, 9, 9, 9, 19, 0
DB 0, 9, 9, 9, 56, 29, 28, 29, 29, 27, 9, 9, 9, 151, 17, 17, 9, 9, 9, 56
DB 29, 29, 29, 29, 25, 9, 9, 9, 19, 0, 0, 9, 9, 9, 56, 29, 28, 29, 29, 27
DB 9, 9, 9, 129, 17, 17, 9, 9, 9, 56, 29, 29, 29, 29, 25, 9, 9, 9, 19, 0
DB 0, 9, 9, 9, 56, 29, 28, 29, 29, 27, 9, 9, 9, 151, 17, 17, 9, 9, 9, 56
DB 29, 29, 29, 29, 25, 9, 9, 9, 19, 0, 0, 9, 9, 9, 56, 29, 28, 29, 29, 27
DB 9, 9, 9, 129, 17, 17, 9, 9, 9, 56, 29, 29, 29, 29, 25, 9, 9, 9, 19, 0
DB 0, 9, 9, 9, 56, 29, 28, 29, 29, 27, 9, 9, 9, 151, 0, 17, 9, 9, 9, 56
DB 29, 29, 29, 29, 25, 9, 9, 9, 19, 0, 0, 9, 9, 9, 56, 29, 28, 29, 29, 28
DB 9, 9, 9, 9, 223, 9, 9, 9, 9, 57, 29, 29, 29, 29, 9, 9, 9, 9, 19, 0
DB 0, 9, 9, 9, 9, 29, 28, 29, 29, 29, 9, 9, 9, 9, 9, 9, 9, 9, 9, 29
DB 29, 29, 29, 29, 9, 9, 9, 9, 19, 0, 0, 128, 9, 9, 9, 103, 29, 29, 29, 29
DB 28, 9, 9, 9, 9, 9, 9, 9, 80, 29, 29, 29, 29, 27, 9, 9, 9, 152, 19, 0
DB 0, 17, 9, 9, 9, 56, 29, 28, 29, 29, 29, 29, 56, 9, 9, 9, 56, 103, 29, 29
DB 29, 29, 29, 9, 9, 9, 9, 20, 18, 0, 0, 0, 175, 9, 9, 9, 80, 29, 29, 29
DB 29, 29, 29, 29, 29, 29, 29, 29, 29, 29, 29, 29, 7, 9, 9, 9, 175, 227, 17, 0
DB 0, 0, 17, 9, 9, 9, 9, 80, 29, 29, 29, 29, 29, 29, 29, 29, 29, 29, 29, 29
DB 29, 27, 9, 9, 9, 9, 245, 19, 0, 0, 0, 0, 0, 246, 9, 9, 9, 9, 79, 29
DB 29, 29, 29, 29, 29, 29, 29, 29, 29, 29, 7, 9, 9, 9, 9, 151, 20, 18, 0, 0
DB 0, 0, 0, 0, 151, 9, 9, 9, 9, 9, 79, 28, 29, 29, 29, 29, 29, 29, 27, 9
DB 9, 9, 9, 9, 150, 227, 19, 0, 0, 0, 0, 0, 0, 0, 0, 128, 9, 9, 9, 9
DB 9, 9, 9, 56, 56, 56, 9, 9, 9, 9, 9, 9, 9, 151, 227, 226, 0, 0, 0, 0
DB 0, 0, 0, 0, 0, 0, 18, 9, 9, 9, 9, 9, 9, 9, 9, 9, 9, 9, 9, 9
DB 9, 9, 20, 227, 19, 0, 0, 0, 0, 0, 0, 0, 0, 0, 0, 0, 0, 0, 128, 9
DB 9, 9, 9, 9, 9, 9, 9, 9, 9, 9, 151, 227, 227, 18, 0, 0, 0, 0, 0, 0
DB 0, 0, 0, 0, 0, 0, 0, 0, 0, 0, 223, 152, 9, 9, 9, 9, 9, 152, 151, 227
DB 19, 224, 17, 0, 0, 0, 0, 0, 0, 0, 0, 0, 0, 0, 0, 0, 0, 0, 0, 0
DB 0, 0, 17, 17, 18, 18, 18, 18, 18, 17, 0, 0, 0, 0, 0, 0, 0, 0, 0, 0