DB 0, 0, 0, 0, 17, 215, 118, 119, 215, 0, 0, 0, 0, 0, 0, 0, 0, 0, 0, 190
DB 118, 118, 215, 17, 0, 0, 0, 0, 0, 0, 0, 0, 0, 118, 2, 2, 2, 2, 2, 2
DB 215, 0, 0, 0, 0, 0, 0, 190, 2, 2, 2, 2, 2, 2, 118, 0, 0, 0, 0, 0
DB 0, 0, 118, 2, 2, 2, 2, 2, 2, 2, 2, 118, 0, 0, 0, 0, 216, 2, 2, 2
DB 2, 2, 2, 2, 2, 2, 0, 0, 0, 0, 0, 216, 2, 2, 2, 2, 2, 2, 2, 2
DB 2, 2, 215, 0, 0, 18, 2, 2, 2, 2, 2, 2, 2, 2, 2, 2, 118, 0, 0, 0
DB 0, 2, 2, 2, 2, 28, 28, 29, 28, 2, 2, 2, 2, 18, 0, 2, 2, 2, 2, 2
DB 29, 29, 29, 2, 2, 2, 2, 18, 0, 0, 0, 2, 2, 2, 2, 28, 28, 28, 29, 27
DB 2, 2, 2, 2, 2, 2, 2, 2, 72, 29, 29, 29, 29, 2, 2, 2, 2, 242, 17, 0
DB 0, 2, 2, 2, 2, 28, 28, 29, 29, 29, 72, 2, 2, 2, 2, 2, 2, 2, 29, 29
DB 29, 29, 29, 2, 2, 2, 2, 242, 18, 0, 0, 144, 2, 2, 2, 72, 28, 29, 29, 29
DB 29, 2, 2, 2, 2, 2, 2, 29, 29, 29, 29, 29, 7, 2, 2, 2, 2, 245, 18, 0
DB 0, 17, 2, 2, 2, 2, 27, 28, 29, 29, 29, 29, 2, 2, 2, 2, 29, 29, 29, 29
DB 29, 27, 2, 2, 2, 2, 239, 20, 18, 0, 0, 0, 216, 2, 2, 2, 2, 28, 28, 29
DB 29, 29, 29, 2, 2, 29, 29, 29, 29, 29, 29, 2, 2, 2, 2, 144, 246, 20, 0, 0
DB 0, 0, 0, 215, 2, 2, 2, 2, 28, 29, 29, 29, 29, 28, 28, 29, 29, 29, 29, 29
DB 2, 2, 2, 2, 144, 247, 20, 17, 0, 0, 0, 0, 0, 0, 118, 2, 2, 2, 2, 28
DB 29, 29, 29, 29, 29, 29, 29, 29, 29, 2, 2, 2, 2, 2, 224, 20, 18, 0, 0, 0
DB 0, 0, 0, 0, 0, 118, 2, 2, 2, 2, 29, 29, 29, 29, 29, 29, 29, 29, 2, 2
DB 2, 2, 2, 224, 20, 18, 0, 0, 0, 0, 0, 0, 0, 0, 0, 0, 2, 2, 2, 2
DB 2, 29, 29, 29, 29, 29, 29, 24, 2, 2, 2, 2, 241, 20, 19, 0, 0, 0, 0, 0
DB 0, 0, 0, 0, 0, 0, 118, 2, 2, 2, 2, 29, 29, 29, 29, 29, 29, 2, 2, 2
DB 2, 2, 243, 226, 0, 0, 0, 0, 0, 0, 0, 0, 0, 0, 0, 118, 2, 2, 2, 2
DB 29, 29, 29, 29, 29, 29, 29, 29, 2, 2, 2, 2, 2, 17, 0, 0, 0, 0, 0, 0
DB 0, 0, 0, 0, 215, 2, 2, 2, 2, 28, 29, 29, 29, 29, 29, 29, 29, 29, 29, 2
DB 2, 2, 2, 118, 0, 0, 0, 0, 0, 0, 0, 0, 0, 216, 2, 2, 2, 2, 28, 29
DB 29, 29, 29, 29, 29, 29, 29, 29, 29, 29, 2, 2, 2, 2, 215, 0, 0, 0, 0, 0
DB 0, 0, 17, 2, 2, 2, 2, 27, 28, 29, 29, 29, 29, 2, 2, 29, 29, 29, 29, 29
DB 28, 2, 2, 2, 2, 216, 0, 0, 0, 0, 0, 0, 2, 2, 2, 2, 71, 28, 29, 29
DB 29, 29, 2, 2, 2, 2, 29, 29, 29, 29, 29, 27, 2, 2, 2, 2, 17, 0, 0, 0
DB 0, 118, 2, 2, 2, 2, 28, 28, 29, 29, 29, 2, 2, 2, 2, 2, 2, 29, 29, 29
DB 29, 29, 2, 2, 2, 2, 2, 0, 0, 0, 0, 2, 2, 2, 2, 28, 28, 29, 29, 29
DB 7, 2, 2, 2, 2, 2, 2, 72, 29, 29, 29, 29, 29, 2, 2, 2, 2, 19, 0, 0
DB 0, 2, 2, 2, 2, 29, 28, 28, 29, 29, 2, 2, 2, 2, 2, 2, 2, 2, 7, 29
DB 29, 29, 29, 2, 2, 2, 164, 20, 17, 0, 0, 2, 2, 2, 2, 28, 29, 29, 29, 2
DB 2, 2, 2, 144, 238, 2, 2, 2, 2, 27, 29, 29, 29, 2, 2, 2, 2, 226, 19, 0
DB 0, 215, 2, 2, 2, 2, 2, 2, 2, 2, 2, 2, 144, 19, 244, 214, 2, 2, 2, 2
DB 2, 2, 2, 2, 2, 2, 2, 226, 19, 0, 0, 0, 2, 2, 2, 2, 2, 2, 2, 2
DB 2, 2, 224, 20, 19, 0, 215, 2, 2, 2, 2, 2, 2, 2, 2, 2, 19, 20, 18, 0
DB 0, 0, 0, 118, 2, 2, 2, 2, 2, 2, 144, 224, 20, 19, 0, 0, 0, 215, 2, 2
DB 2, 2, 2, 2, 2, 19, 226, 20, 0, 0, 0, 0, 0, 0, 18, 144, 2, 2, 144, 241
DB 242, 20, 19, 0, 0, 0, 0, 0, 17, 119, 2, 2, 2, 144, 19, 20, 20, 18, 0, 0
DB 0, 0, 0, 0, 0, 0, 18, 201, 226, 226, 19, 18, 0, 0, 0, 0, 0, 0, 0, 0
DB 17, 201, 225, 226, 20, 226, 17, 0, 0, 0, 0, 0, 0, 0, 0, 0, 0, 0, 17, 17
DB 0, 0, 0, 0, 0, 0, 0, 0, 0, 0, 0, 0, 17, 17, 17, 0, 0, 0, 0, 0