DB 0, 0, 0, 0, 17, 207, 136, 136, 208, 0, 0, 0, 0, 0, 0, 0, 0, 0, 0, 183
DB 207, 136, 207, 17, 0, 0, 0, 0, 0, 0, 0, 0, 0, 136, 12, 12, 12, 12, 12, 12
DB 207, 0, 0, 0, 0, 0, 0, 18, 134, 12, 12, 12, 12, 12, 135, 17, 0, 0, 0, 0
DB 0, 0, 134, 12, 12, 12, 12, 12, 12, 12, 12, 206, 0, 0, 0, 0, 208, 12, 12, 12
DB 12, 12, 12, 12, 12, 12, 17, 0, 0, 0, 0, 136, 12, 12, 12, 64, 63, 63, 12, 12
DB 12, 12, 208, 0, 0, 17, 12, 12, 12, 12, 63, 63, 64, 12, 12, 12, 135, 0, 0, 0
DB 0, 12, 12, 12, 64, 29, 29, 29, 29, 12, 12, 12, 12, 18, 0, 12, 12, 12, 12, 88
DB 29, 29, 29, 63, 12, 12, 12, 231, 0, 0, 17, 12, 12, 12, 88, 29, 29, 29, 29, 28
DB 12, 12, 12, 12, 134, 12, 12, 12, 88, 29, 29, 29, 29, 28, 12, 12, 12, 135, 18, 0
DB 17, 12, 12, 12, 88, 29, 29, 29, 29, 29, 88, 12, 12, 12, 12, 12, 12, 63, 29, 29
DB 29, 29, 29, 27, 12, 12, 12, 228, 247, 0, 0, 134, 12, 12, 12, 87, 29, 29, 29, 29
DB 29, 63, 12, 12, 12, 12, 63, 29, 29, 29, 29, 29, 29, 157, 12, 12, 12, 19, 226, 0
DB 0, 18, 12, 12, 12, 12, 29, 29, 29, 29, 29, 29, 63, 12, 12, 64, 29, 29, 29, 29
DB 29, 29, 23, 12, 12, 12, 135, 246, 227, 0, 0, 0, 207, 12, 12, 12, 64, 29, 29, 29
DB 29, 29, 29, 64, 12, 29, 29, 29, 29, 29, 29, 24, 12, 12, 12, 135, 222, 20, 18, 0
DB 0, 0, 0, 136, 12, 12, 12, 64, 29, 29, 29, 29, 29, 29, 28, 29, 29, 29, 29, 29
DB 25, 134, 12, 12, 134, 224, 20, 19, 0, 0, 0, 0, 0, 0, 135, 12, 12, 12, 63, 29
DB 29, 29, 29, 29, 29, 29, 29, 29, 29, 7, 134, 12, 12, 12, 19, 20, 227, 0, 0, 0
DB 0, 0, 0, 0, 0, 134, 12, 12, 12, 88, 29, 29, 29, 29, 29, 29, 29, 29, 27, 134
DB 12, 12, 12, 230, 246, 20, 17, 0, 0, 0, 0, 0, 0, 0, 0, 17, 12, 12, 12, 12
DB 88, 29, 29, 29, 29, 29, 29, 28, 134, 12, 12, 12, 229, 246, 20, 18, 0, 0, 0, 0
DB 0, 0, 0, 0, 0, 0, 17, 12, 12, 12, 12, 87, 29, 29, 29, 29, 29, 158, 12, 12
DB 12, 135, 247, 20, 19, 0, 0, 0, 0, 0, 0, 0, 0, 0, 0, 0, 0, 208, 12, 12
DB 12, 63, 29, 29, 29, 29, 7, 12, 12, 12, 135, 222, 20, 19, 0, 0, 0, 0, 0, 0
DB 0, 0, 0, 0, 0, 0, 0, 0, 134, 12, 12, 63, 29, 29, 29, 29, 7, 12, 12, 12
DB 19, 20, 227, 0, 0, 0, 0, 0, 0, 0, 0, 0, 0, 0, 0, 0, 0, 0, 134, 12
DB 12, 63, 29, 29, 29, 29, 7, 12, 12, 12, 227, 20, 17, 0, 0, 0, 0, 0, 0, 0
DB 0, 0, 0, 0, 0, 0, 0, 0, 134, 12, 12, 63, 29, 29, 29, 29, 7, 12, 12, 12
DB 227, 226, 0, 0, 0, 0, 0, 0, 0, 0, 0, 0, 0, 0, 0, 0, 0, 0, 134, 12
DB 12, 63, 29, 29, 29, 29, 7, 12, 12, 12, 227, 226, 0, 0, 0, 0, 0, 0, 0, 0
DB 0, 0, 0, 0, 0, 0, 0, 0, 134, 12, 12, 63, 29, 29, 29, 29, 7, 12, 12, 12
DB 227, 226, 0, 0, 0, 0, 0, 0, 0, 0, 0, 0, 0, 0, 0, 0, 0, 0, 134, 12
DB 12, 63, 29, 29, 29, 29, 7, 12, 12, 12, 227, 226, 0, 0, 0, 0, 0, 0, 0, 0
DB 0, 0, 0, 0, 0, 0, 0, 0, 134, 12, 12, 63, 29, 29, 29, 29, 7, 12, 12, 12
DB 227, 246, 0, 0, 0, 0, 0, 0, 0, 0, 0, 0, 0, 0, 0, 0, 0, 0, 135, 12
DB 12, 12, 29, 29, 29, 29, 24, 12, 12, 12, 247, 226, 0, 0, 0, 0, 0, 0, 0, 0
DB 0, 0, 0, 0, 0, 0, 0, 0, 208, 12, 12, 12, 64, 27, 7, 24, 134, 12, 12, 135
DB 246, 227, 0, 0, 0, 0, 0, 0, 0, 0, 0, 0, 0, 0, 0, 0, 0, 0, 0, 135
DB 12, 12, 12, 12, 12, 12, 12, 12, 12, 224, 20, 226, 0, 0, 0, 0, 0, 0, 0, 0
DB 0, 0, 0, 0, 0, 0, 0, 0, 0, 0, 136, 12, 12, 12, 12, 12, 12, 134, 19, 246
DB 20, 18, 0, 0, 0, 0, 0, 0, 0, 0, 0, 0, 0, 0, 0, 0, 0, 0, 0, 0
DB 0, 17, 135, 159, 134, 135, 229, 224, 227, 20, 19, 0, 0, 0, 0, 0, 0, 0, 0, 0
DB 0, 0, 0, 0, 0, 0, 0, 0, 0, 0, 0, 0, 0, 18, 246, 245, 20, 20, 227, 18
DB 0, 0, 0, 0, 0, 0, 0, 0, 0, 0, 0, 0, 0, 0, 0, 0, 0, 0, 0, 0
DB 0, 0, 0, 0, 17, 18, 18, 17, 0, 0, 0, 0, 0, 0, 0, 0, 0, 0, 0, 0