DB 15, 15, 15, 15, 15, 15, 15, 15, 15, 15, 15, 15, 15, 15, 15, 15, 15, 15, 15, 15
DB 15, 15, 15, 15, 15, 15, 15, 15, 15, 15, 15, 15, 15, 15, 15, 15, 15, 15, 15, 15
DB 15, 15, 15, 15, 15, 15, 15, 193, 193, 193, 193, 193, 193, 193, 15, 15, 15, 15, 15, 15
DB 15, 15, 15, 15, 15, 15, 15, 15, 15, 15, 15, 15, 15, 15, 15, 193, 193, 193, 193, 193
DB 193, 193, 193, 193, 193, 193, 15, 15, 15, 15, 15, 15, 15, 15, 15, 15, 15, 15, 15, 15
DB 15, 15, 15, 15, 193, 193, 193, 193, 193, 193, 193, 193, 193, 193, 193, 193, 193, 15, 15, 15
DB 15, 15, 15, 15, 15, 15, 15, 15, 15, 15, 15, 15, 15, 15, 193, 193, 193, 115, 115, 193
DB 193, 193, 193, 193, 115, 115, 193, 15, 15, 15, 15, 15, 15, 15, 15, 15, 15, 15, 15, 15
DB 15, 15, 15, 193, 193, 193, 193, 193, 193, 115, 193, 193, 193, 115, 193, 193, 193, 193, 15, 15
DB 15, 15, 15, 15, 15, 15, 15, 15, 15, 15, 15, 15, 15, 193, 193, 193, 67, 67, 193, 193
DB 193, 193, 193, 193, 193, 67, 67, 193, 15, 15, 15, 15, 15, 15, 15, 15, 15, 15, 15, 15
DB 15, 15, 15, 193, 193, 193, 67, 67, 193, 193, 193, 193, 193, 193, 193, 67, 67, 193, 15, 15
DB 15, 15, 15, 15, 15, 15, 15, 15, 15, 15, 15, 15, 15, 193, 193, 193, 193, 193, 193, 193
DB 193, 193, 67, 67, 67, 193, 193, 193, 193, 15, 15, 15, 15, 15, 15, 15, 15, 15, 15, 15
DB 15, 15, 15, 15, 193, 193, 193, 193, 193, 193, 67, 67, 67, 67, 67, 67, 67, 67, 67, 193
DB 15, 193, 15, 15, 15, 15, 15, 15, 15, 15, 15, 15, 15, 15, 193, 193, 193, 193, 193, 193
DB 193, 67, 67, 67, 67, 67, 67, 67, 193, 15, 193, 67, 193, 15, 15, 15, 15, 15, 15, 15
DB 15, 15, 15, 15, 15, 193, 193, 193, 193, 193, 193, 193, 193, 193, 193, 193, 193, 193, 15, 15
DB 193, 67, 67, 193, 15, 15, 15, 15, 15, 15, 15, 15, 15, 15, 15, 193, 193, 193, 193, 193
DB 193, 193, 193, 193, 193, 193, 15, 15, 15, 15, 193, 67, 67, 67, 193, 193, 15, 15, 15, 15
DB 15, 15, 193, 193, 193, 193, 67, 67, 67, 193, 193, 193, 193, 193, 15, 15, 15, 15, 15, 15
DB 193, 67, 67, 67, 67, 67, 193, 193, 193, 193, 193, 193, 193, 115, 115, 115, 193, 67, 67, 67
DB 67, 67, 67, 193, 15, 15, 15, 15, 15, 15, 193, 67, 193, 193, 193, 193, 193, 67, 67, 193
DB 67, 67, 67, 193, 193, 115, 115, 193, 67, 67, 67, 67, 67, 193, 193, 15, 15, 15, 15, 15
DB 193, 67, 193, 193, 193, 193, 193, 67, 193, 67, 67, 67, 67, 67, 67, 193, 115, 115, 193, 67
DB 67, 67, 193, 115, 115, 193, 15, 15, 15, 15, 15, 193, 193, 193, 193, 193, 67, 67, 193, 67
DB 67, 67, 67, 67, 67, 67, 193, 115, 115, 193, 193, 193, 115, 115, 115, 193, 15, 15, 15, 15
DB 15, 193, 193, 193, 193, 193, 67, 193, 67, 67, 67, 67, 67, 67, 67, 67, 67, 193, 115, 115
DB 115, 115, 115, 115, 115, 115, 193, 15, 15, 15, 15, 15, 193, 193, 193, 193, 67, 193, 67, 67
DB 67, 67, 67, 67, 67, 67, 67, 193, 115, 115, 115, 115, 115, 115, 115, 115, 193, 15, 15, 15
DB 15, 193, 115, 193, 193, 193, 67, 193, 67, 67, 67, 67, 67, 67, 67, 67, 67, 193, 193, 115
DB 115, 115, 115, 115, 115, 115, 193, 15, 15, 15, 15, 15, 193, 115, 193, 193, 67, 193, 67, 67
DB 67, 67, 67, 67, 67, 67, 193, 115, 193, 115, 115, 115, 115, 115, 115, 115, 193, 15, 15, 15
DB 15, 15, 15, 193, 115, 193, 193, 193, 67, 67, 67, 67, 67, 67, 193, 193, 67, 115, 193, 115
DB 115, 115, 115, 115, 115, 115, 193, 15, 15, 15, 15, 15, 15, 15, 193, 115, 115, 115, 193, 193
DB 193, 193, 193, 193, 67, 67, 67, 115, 193, 115, 115, 115, 115, 115, 115, 193, 15, 15, 15, 15
DB 15, 15, 15, 15, 15, 193, 193, 115, 115, 115, 67, 67, 67, 67, 67, 115, 115, 193, 115, 115
DB 115, 115, 115, 115, 193, 15, 15, 15, 15, 15, 15, 15, 15, 15, 15, 15, 15, 193, 193, 115
DB 115, 115, 115, 115, 115, 193, 193, 115, 115, 115, 115, 115, 193, 193, 15, 15, 15, 15, 15, 15
DB 15, 15, 15, 15, 15, 15, 15, 15, 15, 193, 193, 193, 193, 193, 193, 193, 193, 193, 193, 193
DB 193, 193, 15, 15, 15, 15, 15, 15, 15, 15, 15, 15, 15, 15, 15, 15, 15, 15, 193, 67
DB 67, 67, 193, 15, 193, 67, 67, 67, 193, 193, 15, 15, 15, 15, 15, 15, 15, 15, 15, 15
DB 15, 15, 15, 15, 15, 15, 193, 193, 193, 193, 193, 193, 193, 15, 193, 193, 193, 193, 193, 193
DB 193, 193, 193, 15, 15, 15, 15, 15, 15, 15, 15, 15, 15, 15, 15, 15, 15, 15, 15, 15
DB 15, 15, 15, 15, 15, 15, 15, 15, 15, 15, 15, 15, 15, 15, 15, 15, 15, 15, 15, 15