DB 0, 0, 0, 0, 0, 0, 0, 0, 0, 0, 0, 0, 0, 0, 0, 0, 0, 0, 0, 0
DB 0, 0, 0, 0, 0, 0, 0, 0, 0, 0, 0, 0, 0, 0, 0, 0, 0, 0, 0, 0
DB 0, 0, 0, 0, 0, 0, 0, 0, 0, 0, 0, 0, 0, 0, 0, 0, 0, 0, 0, 0
DB 0, 0, 0, 0, 0, 0, 0, 0, 0, 0, 0, 0, 0, 0, 0, 0, 0, 0, 0, 0
DB 0, 0, 0, 0, 0, 0, 0, 0, 0, 0, 0, 0, 0, 0, 0, 0, 0, 0, 0, 0
DB 0, 0, 0, 0, 0, 0, 0, 0, 0, 0, 0, 0, 0, 0, 0, 0, 0, 0, 0, 0
DB 0, 0, 0, 0, 0, 0, 0, 0, 0, 0, 0, 0, 0, 0, 0, 0, 0, 0, 0, 0
DB 0, 0, 0, 0, 0, 0, 0, 0, 0, 0, 0, 0, 0, 0, 0, 0, 0, 0, 0, 0
DB 0, 0, 0, 0, 0, 0, 0, 0, 0, 0, 0, 0, 0, 0, 0, 0, 0, 0, 0, 0
DB 0, 0, 0, 0, 0, 0, 0, 0, 0, 0, 0, 0, 0, 0, 0, 0, 0, 0, 0, 0
DB 0, 0, 0, 0, 0, 0, 0, 0, 0, 0, 0, 0, 0, 0, 0, 0, 0, 0, 0, 0
DB 0, 0, 0, 0, 0, 0, 0, 0, 0, 0, 0, 0, 0, 0, 0, 0, 0, 0, 0, 0
DB 0, 0, 0, 0, 0, 0, 0, 0, 0, 0, 0, 0, 0, 0, 0, 0, 0, 0, 0, 0
DB 0, 0, 0, 0, 0, 0, 0, 0, 0, 0, 0, 0, 0, 0, 0, 0, 0, 0, 0, 0
DB 0, 0, 0, 0, 0, 0, 0, 0, 0, 0, 0, 0, 0, 0, 0, 0, 0, 0, 0, 0
DB 0, 0, 0, 0, 0, 0, 0, 0, 0, 0, 0, 0, 0, 0, 0, 0, 0, 0, 0, 0
DB 0, 0, 0, 0, 0, 0, 0, 0, 0, 0, 0, 0, 0, 0, 0, 0, 0, 0, 0, 0
DB 0, 0, 0, 0, 0, 0, 0, 0, 0, 0, 0, 0, 0, 0, 0, 0, 0, 0, 0, 0
DB 0, 0, 0, 0, 0, 0, 0, 0, 0, 0, 0, 0, 0, 0, 0, 0, 0, 0, 0, 0
DB 0, 0, 0, 0, 0, 0, 0, 0, 0, 0, 0, 0, 0, 0, 0, 0, 0, 0, 0, 0
DB 0, 0, 0, 0, 0, 0, 0, 0, 0, 0, 0, 0, 0, 0, 0, 0, 0, 0, 0, 0
DB 0, 0, 0, 0, 0, 0, 0, 0, 0, 0, 0, 0, 0, 0, 0, 0, 0, 0, 0, 0
DB 0, 0, 0, 0, 0, 0, 0, 0, 0, 0, 0, 0, 0, 0, 0, 0, 0, 0, 0, 0
DB 0, 0, 0, 0, 0, 0, 0, 0, 0, 0, 0, 0, 0, 0, 0, 0, 0, 0, 0, 0
DB 0, 0, 0, 0, 0, 0, 0, 0, 0, 0, 0, 0, 0, 0, 0, 0, 0, 0, 0, 0
DB 0, 0, 0, 0, 0, 0, 0, 0, 0, 0, 0, 0, 0, 0, 0, 0, 0, 0, 0, 0
DB 0, 0, 0, 0, 0, 0, 0, 0, 0, 0, 0, 0, 0, 0, 0, 0, 0, 0, 0, 0
DB 0, 0, 0, 0, 0, 0, 0, 0, 0, 0, 0, 0, 0, 0, 0, 0, 0, 0, 0, 0
DB 0, 0, 0, 0, 0, 0, 0, 0, 0, 0, 0, 0, 0, 0, 0, 0, 0, 0, 0, 0
DB 0, 0, 0, 0, 0, 0, 0, 0, 0, 0, 0, 0, 0, 0, 0, 0, 0, 0, 0, 0
DB 0, 0, 0, 0, 0, 0, 0, 0, 0, 0, 0, 0, 0, 0, 0, 0, 0, 0, 0, 0
DB 0, 0, 0, 0, 0, 0, 0, 0, 0, 0, 0, 0, 0, 0, 0, 0, 0, 0, 0, 0
DB 0, 0, 0, 0, 0, 0, 0, 0, 0, 0, 0, 0, 0, 0, 0, 0, 0, 0, 0, 0
DB 0, 0, 0, 0, 0, 0, 0, 0, 0, 0, 0, 0, 0, 0, 0, 0, 0, 0, 0, 0
DB 0, 0, 0, 0, 0, 0, 0, 0, 0, 0, 0, 0, 0, 0, 0, 0, 0, 0, 0, 0
DB 0, 0, 0, 0, 0, 0, 0, 0, 0, 0, 0, 0, 0, 0, 0, 0, 0, 0, 0, 0
DB 0, 0, 0, 0, 0, 0, 0, 0, 0, 0, 0, 0, 0, 0, 0, 0, 0, 0, 0, 0
DB 0, 0, 0, 0, 0, 0, 0, 0, 0, 0, 0, 0, 0, 0, 0, 0, 0, 0, 0, 0
DB 0, 0, 0, 0, 0, 0, 0, 0, 0, 0, 0, 0, 0, 0, 0, 0, 0, 0, 0, 0
DB 0, 0, 0, 0, 0, 0, 0, 0, 0, 0, 0, 0, 0, 0, 0, 0, 0, 0, 0, 0
DB 0, 0, 0, 0, 0, 0, 0, 0, 0, 0, 0, 0, 0, 0, 0, 0, 0, 0, 0, 0
DB 0, 0, 0, 0, 0, 0, 0, 0, 0, 0, 0, 0, 0, 0, 0, 0, 0, 0, 0, 0
DB 0, 0, 0, 0, 4, 4, 4, 4, 4, 4, 4, 4, 4, 4, 4, 4, 0, 0, 4, 4
DB 4, 4, 0, 0, 0, 0, 0, 4, 4, 4, 4, 4, 0, 0, 4, 4, 4, 4, 4, 0
DB 0, 0, 0, 0, 0, 0, 4, 4, 4, 4, 4, 4, 4, 0, 0, 0, 0, 0, 0, 0
DB 0, 0, 4, 4, 4, 4, 0, 0, 0, 0, 0, 0, 0, 4, 4, 4, 4, 0, 0, 0
DB 0, 0, 0, 0, 0, 4, 4, 4, 4, 0, 0, 0, 4, 4, 4, 4, 0, 0, 0, 0
DB 0, 0, 4, 4, 4, 4, 4, 4, 0, 0, 0, 0, 0, 0, 0, 0, 0, 0, 0, 0
DB 0, 0, 0, 0, 4, 4, 4, 4, 4, 4, 4, 4, 4, 4, 4, 4, 0, 0, 4, 4
DB 4, 4, 0, 0, 0, 0, 4, 4, 4, 4, 4, 4, 4, 4, 4, 4, 4, 4, 4, 4
DB 0, 0, 0, 0, 0, 4, 4, 4, 4, 4, 4, 4, 4, 0, 0, 0, 0, 0, 0, 0
DB 0, 0, 4, 4, 4, 4, 0, 0, 0, 0, 0, 0, 4, 4, 4, 4, 4, 0, 0, 0
DB 0, 0, 0, 0, 0, 4, 4, 4, 4, 0, 0, 0, 4, 4, 4, 4, 0, 0, 0, 0
DB 0, 4, 4, 4, 4, 4, 4, 4, 4, 0, 0, 0, 0, 0, 0, 0, 0, 0, 0, 0
DB 0, 0, 0, 0, 4, 4, 4, 4, 4, 4, 4, 4, 4, 4, 4, 4, 0, 0, 4, 4
DB 4, 4, 0, 0, 0, 4, 4, 4, 4, 4, 4, 4, 4, 4, 4, 4, 4, 4, 4, 4
DB 4, 0, 0, 0, 4, 4, 4, 4, 4, 4, 4, 4, 4, 0, 0, 0, 0, 0, 0, 0
DB 0, 0, 4, 4, 4, 4, 0, 0, 0, 0, 0, 4, 4, 4, 4, 4, 4, 0, 0, 0
DB 0, 0, 0, 0, 0, 4, 4, 4, 4, 0, 0, 0, 4, 4, 4, 4, 0, 0, 0, 0
DB 4, 4, 4, 4, 4, 4, 4, 4, 4, 4, 0, 0, 0, 0, 0, 0, 0, 0, 0, 0
DB 0, 0, 0, 0, 4, 4, 4, 4, 4, 4, 4, 4, 4, 4, 4, 4, 0, 0, 4, 4
DB 4, 4, 0, 0, 0, 4, 4, 4, 4, 4, 4, 4, 4, 4, 4, 4, 4, 4, 4, 4
DB 4, 0, 0, 0, 4, 4, 4, 4, 4, 4, 4, 4, 4, 0, 0, 0, 0, 0, 0, 0
DB 0, 0, 4, 4, 4, 4, 0, 0, 0, 0, 4, 4, 4, 4, 4, 4, 4, 0, 0, 0
DB 0, 0, 0, 0, 0, 4, 4, 4, 4, 0, 0, 0, 4, 4, 4, 4, 0, 0, 0, 4
DB 4, 4, 4, 4, 4, 4, 4, 4, 4, 4, 4, 0, 0, 0, 0, 0, 0, 0, 0, 0
DB 0, 0, 0, 0, 0, 0, 0, 0, 4, 4, 4, 4, 0, 0, 0, 0, 0, 0, 4, 4
DB 4, 4, 0, 0, 0, 4, 4, 4, 4, 0, 0, 4, 4, 4, 4, 0, 0, 4, 4, 4
DB 4, 0, 0, 0, 4, 4, 4, 4, 0, 0, 0, 0, 0, 0, 0, 0, 0, 0, 0, 0
DB 0, 0, 4, 4, 4, 4, 0, 0, 0, 0, 4, 4, 4, 4, 4, 0, 0, 0, 0, 0
DB 0, 0, 0, 0, 0, 4, 4, 4, 4, 0, 0, 0, 4, 4, 4, 4, 0, 0, 0, 4
DB 4, 4, 4, 0, 0, 0, 0, 4, 4, 4, 4, 0, 0, 0, 0, 0, 0, 0, 0, 0
DB 0, 0, 0, 0, 0, 0, 0, 0, 4, 4, 4, 4, 0, 0, 0, 0, 0, 0, 4, 4
DB 4, 4, 0, 0, 0, 4, 4, 4, 4, 0, 0, 4, 4, 4, 4, 0, 0, 4, 4, 4
DB 4, 0, 0, 0, 4, 4, 4, 4, 0, 0, 0, 0, 0, 0, 0, 0, 0, 0, 0, 0
DB 0, 0, 4, 4, 4, 4, 0, 0, 0, 0, 4, 4, 4, 4, 4, 0, 0, 0, 0, 0
DB 0, 0, 0, 0, 0, 4, 4, 4, 4, 0, 0, 0, 4, 4, 4, 4, 0, 0, 0, 4
DB 4, 4, 4, 0, 0, 0, 0, 4, 4, 4, 4, 0, 0, 0, 0, 0, 0, 0, 0, 0
DB 0, 0, 0, 0, 0, 0, 0, 0, 4, 4, 4, 4, 0, 0, 0, 0, 0, 0, 4, 4
DB 4, 4, 0, 0, 0, 4, 4, 4, 4, 0, 0, 4, 4, 4, 4, 0, 0, 4, 4, 4
DB 4, 0, 0, 0, 4, 4, 4, 4, 4, 4, 4, 4, 4, 0, 0, 0, 0, 0, 0, 0
DB 0, 0, 4, 4, 4, 4, 0, 0, 0, 0, 4, 4, 4, 4, 4, 4, 0, 0, 0, 0
DB 0, 0, 0, 0, 0, 4, 4, 4, 4, 0, 0, 0, 4, 4, 4, 4, 0, 0, 0, 4
DB 4, 4, 4, 0, 0, 4, 4, 4, 4, 4, 4, 0, 0, 0, 0, 0, 0, 0, 0, 0
DB 0, 0, 0, 0, 0, 0, 0, 0, 4, 4, 4, 4, 0, 0, 0, 0, 0, 0, 4, 4
DB 4, 4, 0, 0, 0, 4, 4, 4, 4, 0, 0, 4, 4, 4, 4, 0, 0, 4, 4, 4
DB 4, 0, 0, 0, 4, 4, 4, 4, 4, 4, 4, 4, 4, 0, 0, 0, 0, 0, 0, 0
DB 0, 0, 4, 4, 4, 4, 0, 0, 0, 0, 0, 4, 4, 4, 4, 4, 0, 0, 0, 0
DB 0, 0, 0, 0, 0, 4, 4, 4, 4, 0, 0, 0, 4, 4, 4, 4, 0, 0, 0, 4
DB 4, 4, 4, 0, 0, 4, 4, 4, 4, 4, 4, 0, 0, 0, 0, 0, 0, 0, 0, 0
DB 0, 0, 0, 0, 0, 0, 0, 0, 4, 4, 4, 4, 0, 0, 0, 0, 0, 0, 4, 4
DB 4, 4, 0, 0, 0, 4, 4, 4, 4, 0, 0, 4, 4, 4, 4, 0, 0, 4, 4, 4
DB 4, 0, 0, 0, 4, 4, 4, 4, 4, 4, 4, 4, 4, 0, 0, 0, 0, 0, 0, 0
DB 0, 0, 4, 4, 4, 4, 0, 0, 0, 0, 0, 4, 4, 4, 4, 4, 4, 0, 0, 0
DB 0, 0, 0, 0, 0, 4, 4, 4, 4, 0, 0, 0, 4, 4, 4, 4, 0, 0, 0, 4
DB 4, 4, 4, 0, 0, 4, 4, 4, 4, 4, 0, 0, 0, 0, 0, 0, 0, 0, 0, 0
DB 0, 0, 0, 0, 0, 0, 0, 0, 4, 4, 4, 4, 0, 0, 0, 0, 0, 0, 4, 4
DB 4, 4, 0, 0, 0, 4, 4, 4, 4, 0, 0, 4, 4, 4, 4, 0, 0, 4, 4, 4
DB 4, 0, 0, 0, 4, 4, 4, 4, 0, 0, 0, 0, 0, 0, 0, 0, 0, 0, 0, 0
DB 0, 0, 4, 4, 4, 4, 0, 0, 0, 0, 0, 0, 4, 4, 4, 4, 4, 0, 0, 0
DB 0, 0, 0, 0, 0, 4, 4, 4, 4, 0, 0, 0, 4, 4, 4, 4, 0, 0, 0, 4
DB 4, 4, 4, 0, 0, 4, 4, 4, 0, 0, 0, 0, 0, 0, 0, 0, 0, 0, 0, 0
DB 0, 0, 0, 0, 0, 0, 0, 0, 4, 4, 4, 4, 0, 0, 0, 0, 0, 0, 4, 4
DB 4, 4, 0, 0, 0, 4, 4, 4, 4, 0, 0, 4, 4, 4, 4, 0, 0, 4, 4, 4
DB 4, 0, 0, 0, 4, 4, 4, 4, 0, 0, 0, 0, 0, 0, 0, 0, 0, 0, 0, 0
DB 0, 0, 4, 4, 4, 4, 0, 0, 0, 0, 0, 0, 4, 4, 4, 4, 4, 0, 0, 0
DB 0, 0, 0, 0, 0, 4, 4, 4, 4, 0, 0, 0, 4, 4, 4, 4, 0, 0, 0, 4
DB 4, 4, 4, 0, 0, 0, 0, 0, 0, 0, 0, 0, 0, 0, 0, 0, 0, 0, 0, 0
DB 0, 0, 0, 0, 0, 0, 0, 0, 4, 4, 4, 4, 0, 0, 0, 0, 0, 0, 4, 4
DB 4, 4, 0, 0, 0, 4, 4, 4, 4, 0, 0, 4, 4, 4, 4, 0, 0, 4, 4, 4
DB 4, 0, 0, 0, 4, 4, 4, 4, 4, 4, 4, 4, 4, 0, 0, 0, 0, 0, 0, 0
DB 0, 0, 4, 4, 4, 4, 0, 0, 0, 4, 4, 4, 4, 4, 4, 4, 4, 0, 0, 0
DB 0, 0, 0, 0, 0, 4, 4, 4, 4, 4, 4, 4, 4, 4, 4, 4, 0, 0, 0, 4
DB 4, 4, 4, 0, 0, 0, 0, 0, 0, 0, 0, 0, 0, 0, 0, 0, 0, 0, 0, 0
DB 0, 0, 0, 0, 0, 0, 0, 0, 4, 4, 4, 4, 0, 0, 0, 0, 0, 0, 4, 4
DB 4, 4, 0, 0, 0, 4, 4, 4, 4, 0, 0, 4, 4, 4, 4, 0, 0, 4, 4, 4
DB 4, 0, 0, 0, 4, 4, 4, 4, 4, 4, 4, 4, 4, 0, 0, 0, 0, 0, 0, 0
DB 0, 0, 4, 4, 4, 4, 0, 0, 0, 4, 4, 4, 4, 4, 4, 4, 0, 0, 0, 0
DB 0, 0, 0, 0, 0, 0, 4, 4, 4, 4, 4, 4, 4, 4, 4, 0, 0, 0, 0, 4
DB 4, 4, 4, 0, 0, 0, 0, 0, 0, 0, 0, 0, 0, 0, 0, 0, 0, 0, 0, 0
DB 0, 0, 0, 0, 0, 0, 0, 0, 4, 4, 4, 4, 0, 0, 0, 0, 0, 0, 4, 4
DB 4, 4, 0, 0, 0, 4, 4, 4, 4, 0, 0, 4, 4, 4, 4, 0, 0, 4, 4, 4
DB 4, 0, 0, 0, 0, 4, 4, 4, 4, 4, 4, 4, 4, 0, 0, 0, 0, 0, 0, 0
DB 0, 0, 4, 4, 4, 4, 0, 0, 0, 4, 4, 4, 4, 4, 4, 0, 0, 0, 0, 0
DB 0, 0, 0, 0, 0, 0, 4, 4, 4, 4, 4, 4, 4, 4, 4, 0, 0, 0, 0, 4
DB 4, 4, 4, 0, 0, 0, 0, 0, 0, 0, 0, 0, 0, 0, 0, 0, 0, 0, 0, 0
DB 0, 0, 0, 0, 0, 0, 0, 0, 4, 4, 4, 4, 0, 0, 0, 0, 0, 0, 4, 4
DB 4, 4, 0, 0, 0, 4, 4, 4, 4, 0, 0, 4, 4, 4, 4, 0, 0, 4, 4, 4
DB 4, 0, 0, 0, 0, 0, 4, 4, 4, 4, 4, 4, 4, 0, 0, 0, 0, 0, 0, 0
DB 0, 0, 4, 4, 4, 4, 0, 0, 0, 4, 4, 4, 4, 4, 0, 0, 0, 0, 0, 0
DB 0, 0, 0, 0, 0, 0, 0, 0, 4, 4, 4, 4, 4, 0, 0, 0, 0, 0, 0, 4
DB 4, 4, 4, 0, 0, 0, 0, 0, 0, 0, 0, 0, 0, 0, 0, 0, 0, 0, 0, 0
DB 0, 0, 0, 0, 0, 0, 0, 0, 0, 0, 0, 0, 0, 0, 0, 0, 0, 0, 0, 0
DB 0, 0, 0, 0, 0, 0, 0, 0, 0, 0, 0, 0, 0, 0, 0, 0, 0, 0, 0, 0
DB 0, 0, 0, 0, 0, 0, 0, 0, 0, 0, 0, 0, 0, 0, 0, 0, 0, 0, 0, 0
DB 0, 0, 0, 0, 0, 0, 0, 0, 0, 0, 0, 0, 0, 0, 0, 0, 0, 0, 0, 0
DB 0, 0, 0, 0, 0, 0, 0, 0, 0, 0, 0, 0, 0, 0, 0, 0, 0, 0, 0, 0
DB 0, 0, 0, 0, 0, 0, 0, 0, 0, 0, 0, 0, 0, 0, 0, 0, 0, 0, 0, 0
DB 0, 0, 0, 0, 0, 0, 0, 0, 0, 0, 0, 0, 0, 0, 0, 0, 0, 0, 0, 0
DB 0, 0, 0, 0, 0, 0, 0, 0, 0, 0, 0, 0, 0, 0, 0, 0, 0, 0, 0, 0
DB 0, 0, 0, 0, 0, 0, 0, 0, 0, 0, 0, 0, 0, 0, 0, 0, 0, 0, 0, 0
DB 0, 0, 0, 0, 0, 0, 0, 0, 0, 0, 0, 0, 0, 0, 0, 0, 0, 0, 0, 0
DB 0, 0, 0, 0, 0, 0, 0, 0, 0, 0, 0, 0, 0, 0, 0, 0, 0, 0, 0, 0
DB 0, 0, 0, 0, 0, 0, 0, 0, 0, 0, 0, 0, 0, 0, 0, 0, 0, 0, 0, 0
DB 0, 0, 0, 0, 0, 0, 0, 0, 0, 0, 0, 0, 0, 0, 0, 0, 0, 0, 0, 0
DB 0, 0, 0, 0, 0, 0, 0, 0, 0, 0, 0, 0, 0, 0, 0, 0, 0, 0, 0, 0
DB 0, 0, 0, 0, 0, 0, 0, 0, 0, 0, 0, 0, 0, 0, 0, 0, 0, 0, 0, 0
DB 0, 0, 0, 0, 0, 0, 0, 0, 0, 0, 0, 0, 0, 0, 0, 0, 0, 0, 0, 0
DB 0, 0, 0, 0, 0, 0, 0, 0, 0, 0, 0, 0, 0, 0, 0, 0, 0, 0, 0, 0
DB 0, 0, 0, 0, 0, 0, 0, 0, 0, 0, 0, 0, 0, 0, 0, 0, 0, 0, 0, 0
DB 0, 0, 0, 0, 0, 0, 0, 0, 0, 0, 0, 0, 0, 0, 0, 0, 0, 0, 0, 0
DB 0, 0, 0, 0, 0, 0, 0, 0, 0, 0, 0, 0, 0, 0, 0, 0, 0, 0, 0, 0
DB 0, 0, 0, 0, 0, 0, 0, 0, 0, 0, 0, 0, 0, 0, 0, 0, 0, 0, 0, 0
DB 0, 0, 0, 0, 0, 0, 0, 0, 0, 0, 0, 0, 0, 0, 0, 0, 0, 0, 0, 0
DB 0, 0, 0, 0, 0, 0, 0, 0, 0, 0, 0, 0, 0, 0, 0, 0, 0, 0, 0, 0
DB 0, 0, 0, 0, 0, 0, 0, 0, 0, 0, 0, 0, 0, 0, 0, 0, 0, 0, 0, 0
DB 0, 0, 0, 0, 0, 0, 0, 0, 0, 0, 0, 0, 0, 0, 0, 0, 0, 0, 0, 0
DB 0, 0, 0, 0, 0, 0, 0, 0, 0, 0, 0, 0, 0, 0, 0, 0, 0, 0, 0, 0
DB 0, 0, 0, 0, 0, 0, 0, 0, 0, 0, 0, 0, 0, 0, 0, 0, 0, 0, 0, 0
DB 0, 0, 0, 0, 0, 0, 0, 0, 0, 0, 0, 0, 0, 0, 0, 0, 0, 0, 0, 0
DB 0, 0, 0, 0, 0, 0, 0, 0, 0, 0, 0, 0, 0, 0, 0, 0, 0, 0, 0, 0
DB 0, 0, 0, 0, 0, 0, 0, 0, 0, 0, 0, 0, 0, 0, 0, 0, 0, 0, 0, 0
DB 0, 0, 0, 0, 0, 0, 0, 0, 0, 0, 0, 0, 0, 0, 0, 0, 0, 0, 0, 0
DB 0, 0, 0, 0, 0, 0, 0, 0, 0, 0, 0, 0, 0, 0, 0, 0, 0, 0, 0, 0
DB 0, 0, 0, 0, 0, 0, 0, 0, 0, 0, 0, 0, 0, 0, 0, 0, 0, 0, 0, 0
DB 0, 0, 0, 0, 0, 0, 0, 0, 0, 0, 0, 0, 0, 0, 0, 0, 0, 0, 0, 0
DB 0, 0, 0, 0, 0, 0, 0, 0, 0, 0, 0, 0, 0, 0, 0, 0, 0, 0, 0, 0
DB 0, 0, 0, 0, 0, 0, 0, 0, 0, 0, 0, 0, 0, 0, 0, 0, 0, 0, 0, 0
DB 0, 0, 0, 0, 0, 0, 0, 0, 0, 0, 0, 0, 0, 0, 0, 0, 0, 0, 0, 0
DB 0, 0, 0, 0, 0, 0, 0, 0, 0, 0, 0, 0, 0, 0, 0, 0, 0, 0, 0, 0
DB 0, 0, 0, 0, 0, 0, 0, 0, 0, 0, 0, 0, 0, 0, 0, 0, 0, 0, 0, 0
DB 0, 0, 0, 0, 0, 0, 0, 0, 0, 0, 0, 0, 0, 0, 0, 0, 0, 0, 0, 0
DB 0, 0, 0, 0, 0, 0, 0, 0, 0, 0, 0, 0, 0, 0, 0, 0, 0, 0, 0, 0
DB 0, 0, 0, 0, 0, 0, 0, 0, 0, 0, 0, 0, 0, 0, 0, 0, 0, 0, 0, 0
DB 0, 0, 0, 0, 0, 0, 0, 0, 0, 0, 0, 0, 0, 0, 0, 0, 0, 0, 0, 0
DB 0, 0, 0, 0, 0, 0, 0, 0, 0, 0, 0, 0, 0, 0, 0, 0, 0, 0, 0, 0
DB 0, 0, 0, 0, 0, 0, 0, 0, 0, 0, 0, 0, 0, 0, 0, 0, 0, 0, 0, 0
DB 0, 0, 0, 0, 0, 0, 0, 0, 0, 0, 0, 0, 0, 0, 0, 0, 0, 0, 0, 0
DB 0, 0, 0, 0, 0, 0, 0, 0, 0, 0, 0, 0, 0, 0, 0, 0, 0, 0, 0, 0
DB 0, 0, 0, 0, 0, 0, 0, 0, 0, 0, 0, 0, 0, 0, 0, 0, 0, 0, 0, 0
DB 53, 53, 53, 53, 53, 53, 53, 53, 53, 53, 53, 53, 53, 53, 53, 53, 53, 53, 53, 53
DB 53, 53, 53, 53, 53, 53, 53, 53, 53, 53, 53, 53, 53, 53, 53, 53, 53, 53, 53, 53
DB 53, 53, 53, 53, 53, 53, 53, 53, 53, 53, 53, 53, 53, 53, 53, 53, 53, 53, 53, 53
DB 53, 53, 53, 53, 53, 53, 53, 53, 53, 53, 53, 53, 53, 53, 53, 53, 53, 53, 53, 53
DB 53, 53, 53, 53, 53, 53, 53, 53, 53, 53, 53, 53, 53, 53, 53, 53, 53, 53, 53, 53
DB 53, 53, 53, 53, 53, 53, 53, 53, 53, 53, 53, 53, 53, 53, 53, 53, 53, 53, 53, 53
DB 53, 53, 53, 53, 53, 53, 53, 53, 53, 53, 53, 53, 53, 53, 53, 53, 53, 53, 53, 53
DB 53, 53, 53, 53, 53, 53, 53, 53, 53, 53, 53, 53, 53, 53, 53, 53, 53, 53, 53, 53
DB 53, 53, 53, 53, 53, 53, 53, 53, 53, 53, 53, 53, 53, 53, 53, 53, 53, 53, 53, 53
DB 53, 53, 53, 53, 53, 53, 53, 53, 53, 53, 53, 53, 53, 53, 53, 53, 53, 53, 53, 53
DB 53, 53, 53, 53, 53, 53, 53, 53, 53, 53, 53, 53, 53, 53, 53, 53, 53, 53, 53, 53
DB 53, 53, 53, 53, 53, 53, 53, 53, 53, 53, 53, 53, 53, 53, 53, 53, 53, 53, 53, 53
DB 53, 53, 53, 53, 53, 53, 53, 53, 53, 53, 53, 53, 53, 53, 53, 53, 53, 53, 53, 53
DB 53, 53, 53, 53, 53, 53, 53, 53, 53, 53, 53, 53, 53, 53, 53, 53, 53, 53, 53, 53
DB 53, 53, 53, 53, 53, 53, 53, 53, 53, 53, 53, 53, 53, 53, 53, 53, 53, 53, 53, 53
DB 53, 53, 53, 53, 53, 53, 53, 53, 53, 53, 53, 53, 53, 53, 53, 53, 53, 53, 53, 53
DB 53, 53, 53, 53, 53, 53, 53, 53, 53, 53, 53, 53, 53, 53, 53, 53, 53, 53, 53, 53
DB 53, 53, 53, 53, 53, 53, 53, 53, 53, 53, 53, 53, 53, 53, 53, 53, 53, 53, 53, 53
DB 53, 53, 53, 53, 53, 53, 53, 53, 53, 53, 53, 53, 53, 53, 53, 53, 53, 53, 53, 53
DB 53, 53, 53, 53, 53, 53, 53, 53, 53, 53, 53, 53, 53, 53, 53, 53, 53, 53, 53, 53
DB 53, 53, 53, 53, 53, 53, 53, 53, 53, 53, 53, 53, 53, 53, 53, 53, 53, 53, 53, 53
DB 53, 53, 53, 53, 53, 53, 53, 53, 53, 53, 53, 53, 53, 53, 53, 53, 53, 53, 53, 53
DB 53, 53, 53, 53, 53, 53, 53, 53, 53, 53, 53, 53, 53, 53, 53, 53, 53, 53, 53, 53
DB 53, 53, 53, 53, 53, 53, 53, 53, 53, 53, 53, 53, 53, 53, 53, 53, 53, 53, 53, 53
DB 53, 53, 53, 53, 53, 53, 53, 53, 53, 53, 53, 53, 53, 53, 53, 53, 53, 53, 53, 53
DB 53, 53, 53, 53, 53, 53, 53, 53, 53, 53, 53, 53, 53, 53, 53, 53, 53, 53, 53, 53
DB 53, 53, 53, 53, 53, 53, 53, 53, 53, 53, 53, 53, 53, 53, 53, 53, 53, 53, 53, 53
DB 53, 53, 53, 53, 53, 53, 53, 53, 53, 53, 53, 53, 53, 53, 53, 53, 53, 53, 53, 53
DB 53, 53, 53, 53, 53, 53, 53, 53, 53, 53, 53, 53, 53, 53, 53, 53, 53, 53, 53, 53
DB 53, 53, 53, 53, 53, 53, 53, 53, 53, 53, 53, 53, 53, 53, 53, 53, 54, 54, 54, 54
DB 53, 53, 53, 53, 53, 53, 53, 53, 53, 53, 53, 53, 53, 53, 53, 53, 53, 53, 53, 53
DB 53, 53, 53, 53, 53, 53, 53, 53, 53, 53, 53, 53, 53, 53, 53, 53, 53, 53, 53, 53
DB 53, 53, 53, 53, 53, 53, 53, 53, 53, 53, 53, 53, 53, 53, 53, 53, 53, 53, 53, 53
DB 53, 53, 53, 53, 53, 53, 53, 53, 53, 53, 53, 53, 53, 53, 53, 53, 53, 53, 53, 53
DB 53, 53, 53, 53, 53, 53, 53, 53, 53, 53, 53, 53, 53, 53, 53, 53, 53, 53, 53, 53
DB 53, 53, 53, 53, 53, 53, 53, 53, 53, 53, 54, 54, 54, 54, 54, 54, 54, 54, 54, 54
DB 53, 53, 53, 53, 53, 53, 53, 53, 53, 53, 53, 53, 53, 53, 53, 53, 53, 53, 53, 53
DB 53, 53, 53, 53, 53, 53, 53, 53, 53, 53, 53, 53, 53, 53, 53, 53, 53, 53, 53, 53
DB 53, 53, 53, 53, 53, 53, 53, 53, 53, 53, 53, 53, 53, 53, 53, 53, 53, 53, 53, 53
DB 53, 53, 53, 53, 53, 53, 53, 53, 53, 53, 53, 53, 53, 53, 53, 53, 53, 53, 53, 53
DB 53, 53, 53, 53, 53, 53, 53, 53, 53, 53, 53, 53, 53, 53, 53, 53, 53, 53, 53, 53
DB 53, 53, 30, 30, 30, 30, 77, 77, 54, 54, 54, 54, 54, 54, 54, 54, 54, 54, 54, 54
DB 53, 53, 53, 53, 53, 53, 53, 53, 53, 53, 53, 53, 53, 53, 53, 53, 53, 53, 53, 53
DB 53, 53, 53, 53, 53, 53, 53, 53, 53, 53, 53, 53, 53, 53, 53, 53, 53, 53, 53, 53
DB 53, 53, 53, 53, 53, 53, 53, 53, 53, 53, 53, 53, 53, 53, 53, 53, 53, 53, 53, 53
DB 53, 53, 53, 53, 53, 53, 53, 53, 53, 53, 53, 53, 53, 53, 53, 53, 53, 53, 53, 53
DB 53, 53, 53, 53, 53, 53, 53, 53, 53, 53, 53, 53, 53, 53, 53, 54, 54, 54, 54, 54
DB 54, 30, 30, 30, 30, 30, 77, 77, 77, 54, 54, 54, 54, 54, 54, 54, 54, 54, 54, 54
DB 53, 53, 53, 53, 53, 53, 53, 53, 53, 53, 53, 53, 53, 53, 53, 53, 53, 53, 53, 53
DB 53, 53, 53, 53, 53, 53, 53, 53, 53, 53, 53, 53, 53, 53, 53, 53, 53, 53, 53, 53
DB 53, 53, 53, 53, 53, 53, 53, 53, 53, 53, 53, 53, 53, 53, 53, 53, 53, 53, 53, 53
DB 53, 53, 53, 53, 53, 53, 53, 53, 53, 53, 53, 53, 53, 53, 53, 53, 53, 53, 53, 53
DB 53, 53, 53, 53, 53, 53, 53, 53, 53, 54, 54, 54, 54, 54, 54, 54, 54, 54, 54, 54
DB 30, 30, 30, 30, 30, 30, 77, 77, 77, 77, 54, 54, 54, 54, 54, 54, 54, 54, 54, 54
DB 53, 53, 53, 53, 53, 53, 53, 53, 53, 53, 53, 53, 53, 53, 53, 53, 53, 53, 53, 53
DB 53, 53, 53, 53, 53, 53, 53, 53, 53, 53, 53, 53, 53, 53, 53, 53, 53, 53, 53, 53
DB 53, 53, 53, 53, 53, 53, 53, 53, 53, 53, 53, 53, 53, 53, 53, 53, 53, 53, 53, 53
DB 53, 53, 53, 53, 53, 53, 53, 53, 53, 53, 53, 53, 53, 53, 53, 53, 53, 53, 53, 53
DB 53, 53, 53, 53, 53, 53, 53, 53, 53, 54, 54, 54, 54, 54, 54, 54, 54, 54, 54, 54
DB 30, 30, 30, 30, 30, 30, 77, 77, 77, 77, 54, 54, 54, 54, 54, 54, 54, 54, 54, 54
DB 53, 53, 53, 53, 53, 53, 53, 53, 53, 53, 53, 53, 53, 53, 53, 53, 53, 53, 53, 53
DB 53, 53, 53, 53, 53, 53, 53, 53, 53, 53, 53, 53, 53, 53, 53, 53, 53, 53, 53, 53
DB 53, 53, 53, 53, 53, 53, 53, 53, 53, 53, 53, 53, 53, 53, 53, 53, 53, 53, 53, 53
DB 53, 53, 53, 53, 53, 53, 53, 53, 53, 53, 53, 53, 53, 53, 53, 53, 53, 53, 53, 53
DB 53, 53, 53, 53, 54, 54, 54, 54, 54, 54, 54, 54, 54, 54, 54, 54, 54, 54, 30, 30
DB 30, 30, 30, 30, 77, 77, 77, 77, 77, 77, 77, 77, 54, 54, 54, 54, 54, 54, 54, 54
DB 53, 53, 53, 53, 53, 53, 53, 53, 53, 53, 53, 53, 53, 53, 53, 53, 53, 53, 53, 53
DB 53, 53, 53, 53, 53, 53, 53, 53, 53, 53, 53, 53, 53, 53, 53, 53, 53, 53, 53, 53
DB 53, 53, 53, 53, 53, 53, 53, 53, 53, 53, 53, 53, 53, 53, 53, 53, 53, 53, 53, 53
DB 53, 53, 53, 53, 53, 53, 53, 53, 53, 53, 53, 53, 53, 53, 53, 53, 53, 53, 53, 54
DB 54, 54, 54, 54, 54, 54, 54, 54, 54, 54, 54, 54, 54, 54, 54, 54, 54, 54, 30, 30
DB 30, 30, 30, 77, 77, 77, 77, 77, 77, 77, 77, 77, 54, 54, 54, 54, 54, 54, 54, 54
DB 53, 53, 53, 53, 53, 53, 53, 53, 53, 53, 53, 53, 53, 53, 53, 53, 53, 53, 53, 53
DB 53, 53, 53, 53, 53, 53, 53, 53, 53, 53, 53, 53, 53, 53, 53, 53, 53, 53, 53, 53
DB 53, 53, 53, 53, 53, 53, 53, 53, 53, 53, 53, 53, 53, 53, 53, 53, 53, 53, 53, 53
DB 53, 53, 53, 53, 53, 53, 53, 53, 53, 53, 53, 53, 53, 53, 54, 54, 54, 54, 54, 54
DB 54, 54, 54, 54, 54, 54, 54, 54, 54, 54, 54, 54, 54, 54, 54, 54, 54, 54, 30, 30
DB 30, 30, 77, 77, 77, 77, 77, 77, 77, 77, 77, 77, 54, 54, 54, 54, 54, 54, 54, 54
DB 53, 53, 53, 53, 53, 53, 53, 53, 53, 53, 53, 53, 53, 53, 53, 53, 53, 53, 53, 53
DB 53, 53, 53, 53, 53, 53, 53, 53, 53, 53, 53, 53, 53, 53, 53, 53, 53, 53, 53, 53
DB 53, 53, 53, 53, 53, 53, 53, 53, 53, 53, 53, 53, 53, 53, 53, 53, 53, 53, 53, 53
DB 53, 53, 53, 53, 53, 53, 53, 54, 54, 54, 54, 54, 54, 54, 54, 54, 54, 54, 54, 54
DB 54, 54, 54, 54, 54, 54, 54, 54, 54, 54, 54, 54, 54, 54, 54, 54, 54, 54, 77, 77
DB 77, 77, 77, 77, 77, 77, 77, 77, 77, 77, 77, 77, 54, 54, 54, 54, 54, 54, 54, 54
DB 54, 54, 54, 54, 54, 54, 53, 53, 53, 53, 53, 53, 53, 53, 53, 53, 53, 53, 53, 53
DB 53, 53, 53, 53, 53, 53, 53, 53, 53, 53, 53, 53, 53, 53, 53, 53, 53, 53, 53, 53
DB 53, 53, 53, 53, 53, 53, 53, 53, 53, 53, 53, 53, 53, 53, 53, 53, 53, 53, 53, 53
DB 54, 54, 54, 54, 54, 54, 54, 54, 54, 54, 54, 54, 54, 54, 54, 54, 54, 54, 54, 54
DB 54, 54, 54, 54, 54, 54, 54, 54, 54, 54, 54, 54, 54, 54, 54, 54, 54, 54, 77, 77
DB 77, 77, 77, 77, 77, 77, 77, 77, 77, 77, 77, 77, 54, 54, 54, 54, 54, 54, 54, 54
DB 54, 54, 54, 54, 54, 54, 53, 53, 53, 53, 53, 53, 53, 53, 53, 53, 53, 53, 53, 53
DB 53, 53, 53, 53, 53, 53, 53, 53, 53, 53, 53, 53, 53, 53, 53, 53, 53, 53, 53, 53
DB 53, 53, 53, 53, 53, 53, 53, 53, 53, 53, 53, 53, 53, 53, 53, 53, 53, 53, 53, 53
DB 54, 54, 54, 54, 54, 54, 54, 54, 54, 54, 54, 54, 54, 54, 54, 54, 54, 54, 54, 54
DB 54, 54, 54, 54, 54, 54, 54, 54, 54, 54, 54, 54, 54, 54, 54, 54, 54, 54, 77, 77
DB 77, 77, 77, 77, 77, 77, 77, 77, 77, 77, 77, 77, 54, 54, 54, 54, 54, 54, 54, 54
DB 54, 54, 54, 54, 54, 54, 54, 54, 54, 54, 53, 53, 53, 53, 53, 53, 53, 53, 53, 53
DB 53, 53, 53, 53, 53, 53, 53, 53, 53, 53, 53, 53, 53, 53, 53, 53, 53, 53, 53, 53
DB 0, 53, 53, 53, 53, 53, 53, 53, 53, 53, 53, 53, 53, 54, 54, 54, 54, 54, 54, 54
DB 54, 54, 54, 54, 54, 54, 54, 54, 54, 54, 54, 54, 54, 54, 54, 54, 54, 54, 54, 54
DB 54, 54, 54, 54, 54, 54, 54, 54, 54, 54, 54, 54, 54, 54, 54, 54, 54, 54, 54, 54
DB 77, 77, 77, 77, 77, 77, 77, 77, 77, 77, 54, 54, 54, 54, 54, 54, 54, 54, 54, 54
DB 54, 54, 54, 54, 54, 54, 54, 54, 54, 54, 54, 54, 54, 54, 53, 53, 53, 53, 53, 53
DB 53, 53, 53, 53, 53, 53, 53, 53, 53, 53, 53, 53, 53, 53, 53, 53, 53, 53, 0, 0
DB 0, 0, 53, 53, 53, 53, 53, 54, 54, 54, 54, 54, 54, 54, 54, 54, 54, 54, 54, 54
DB 54, 54, 54, 54, 54, 54, 54, 54, 54, 54, 54, 54, 54, 54, 54, 54, 54, 54, 54, 54
DB 54, 54, 54, 54, 54, 54, 54, 54, 54, 54, 54, 54, 54, 54, 54, 54, 54, 54, 54, 54
DB 54, 77, 77, 77, 77, 77, 77, 77, 77, 54, 54, 54, 54, 54, 54, 54, 54, 54, 54, 54
DB 54, 54, 54, 54, 54, 54, 54, 54, 54, 54, 54, 54, 54, 54, 54, 54, 54, 54, 54, 54
DB 54, 54, 53, 53, 53, 53, 53, 53, 53, 53, 53, 53, 53, 53, 53, 53, 53, 0, 0, 0
DB 0, 0, 0, 54, 54, 54, 54, 54, 54, 54, 54, 54, 54, 54, 54, 54, 54, 54, 54, 54
DB 54, 54, 54, 54, 54, 54, 54, 54, 54, 54, 54, 54, 54, 54, 54, 54, 54, 54, 54, 54
DB 54, 54, 54, 54, 54, 54, 54, 54, 54, 54, 54, 54, 54, 54, 54, 54, 54, 54, 54, 54
DB 54, 54, 77, 77, 77, 77, 77, 77, 54, 54, 54, 54, 54, 54, 54, 54, 54, 54, 54, 54
DB 54, 54, 54, 54, 54, 54, 54, 54, 54, 54, 54, 54, 54, 54, 54, 54, 54, 54, 54, 54
DB 54, 54, 54, 54, 54, 54, 54, 54, 54, 54, 54, 54, 54, 54, 54, 54, 54, 0, 20, 20
DB 0, 0, 0, 0, 0, 0, 54, 54, 54, 0, 0, 0, 54, 54, 54, 54, 54, 54, 54, 54
DB 54, 54, 54, 54, 54, 54, 54, 54, 54, 54, 54, 54, 54, 54, 54, 54, 54, 54, 54, 54
DB 54, 54, 54, 54, 54, 54, 54, 54, 54, 54, 54, 54, 54, 54, 54, 54, 54, 54, 54, 54
DB 54, 54, 54, 54, 54, 54, 54, 54, 54, 54, 54, 54, 54, 54, 54, 54, 54, 54, 54, 54
DB 54, 54, 54, 54, 54, 54, 54, 54, 54, 54, 54, 54, 54, 54, 54, 54, 54, 54, 54, 54
DB 54, 54, 54, 54, 54, 54, 54, 54, 54, 54, 54, 54, 54, 54, 54, 0, 0, 0, 0, 0
DB 0, 20, 20, 20, 0, 0, 0, 0, 54, 0, 0, 0, 54, 54, 54, 54, 54, 54, 54, 54
DB 54, 54, 54, 54, 54, 54, 54, 54, 54, 54, 54, 54, 54, 54, 54, 54, 54, 54, 54, 54
DB 54, 54, 54, 54, 54, 54, 54, 54, 54, 54, 54, 30, 77, 77, 77, 54, 54, 54, 54, 54
DB 54, 54, 54, 54, 54, 54, 54, 54, 54, 54, 54, 54, 54, 54, 54, 54, 54, 54, 54, 54
DB 54, 54, 54, 54, 54, 54, 54, 54, 54, 54, 54, 54, 54, 54, 54, 54, 54, 54, 54, 54
DB 54, 54, 54, 54, 54, 54, 54, 54, 54, 54, 54, 54, 54, 54, 54, 0, 0, 0, 0, 0
DB 0, 20, 20, 20, 0, 0, 0, 0, 54, 0, 0, 0, 54, 54, 54, 54, 54, 54, 54, 54
DB 54, 54, 54, 54, 54, 54, 54, 54, 54, 54, 54, 54, 54, 54, 54, 54, 54, 54, 54, 54
DB 54, 54, 54, 54, 54, 54, 54, 54, 54, 54, 54, 30, 77, 77, 77, 54, 54, 54, 54, 54
DB 54, 54, 54, 54, 54, 54, 54, 54, 54, 54, 54, 54, 54, 54, 54, 54, 54, 54, 54, 54
DB 54, 54, 54, 54, 54, 54, 54, 54, 54, 54, 54, 54, 54, 77, 54, 54, 54, 54, 54, 54
DB 54, 54, 54, 54, 54, 54, 54, 54, 54, 54, 54, 54, 54, 54, 54, 0, 0, 0, 0, 0
DB 0, 0, 0, 20, 20, 20, 0, 40, 40, 0, 0, 0, 54, 54, 54, 54, 54, 54, 54, 54
DB 54, 54, 54, 54, 54, 54, 54, 54, 54, 54, 54, 54, 54, 54, 54, 54, 54, 54, 54, 54
DB 54, 54, 54, 54, 54, 54, 54, 54, 54, 54, 30, 30, 77, 77, 77, 77, 54, 54, 54, 54
DB 54, 54, 54, 54, 54, 54, 54, 54, 54, 54, 54, 54, 54, 54, 54, 54, 54, 54, 54, 54
DB 54, 54, 54, 54, 54, 54, 54, 54, 54, 54, 54, 54, 54, 54, 54, 54, 54, 54, 54, 54
DB 54, 54, 54, 54, 54, 54, 54, 54, 54, 54, 54, 54, 54, 54, 54, 54, 0, 0, 0, 0
DB 0, 0, 0, 0, 0, 0, 40, 40, 40, 0, 0, 0, 54, 54, 54, 54, 54, 54, 54, 54
DB 54, 54, 54, 54, 54, 54, 54, 54, 54, 54, 54, 54, 54, 54, 54, 54, 54, 54, 54, 54
DB 54, 54, 54, 54, 54, 54, 54, 54, 54, 54, 77, 77, 77, 77, 77, 77, 54, 54, 54, 54
DB 54, 54, 54, 54, 54, 54, 54, 54, 54, 54, 54, 54, 54, 54, 54, 54, 54, 54, 54, 54
DB 54, 54, 54, 54, 54, 54, 54, 54, 54, 54, 54, 54, 54, 54, 54, 54, 54, 54, 54, 54
DB 54, 54, 54, 54, 54, 54, 54, 54, 54, 54, 54, 54, 54, 54, 54, 54, 54, 0, 0, 0
DB 0, 0, 0, 0, 0, 0, 40, 40, 40, 0, 0, 0, 54, 54, 54, 41, 41, 41, 41, 41
DB 41, 41, 41, 41, 41, 41, 41, 41, 54, 54, 54, 54, 54, 54, 54, 54, 54, 54, 54, 54
DB 54, 54, 54, 54, 54, 54, 54, 54, 54, 54, 77, 77, 77, 77, 77, 77, 54, 54, 54, 54
DB 54, 54, 54, 54, 54, 54, 54, 54, 54, 54, 54, 54, 54, 54, 54, 54, 54, 54, 54, 54
DB 54, 54, 54, 54, 54, 54, 54, 54, 54, 54, 54, 54, 54, 54, 54, 54, 54, 30, 77, 77
DB 54, 54, 54, 54, 54, 54, 54, 54, 54, 54, 54, 54, 54, 54, 54, 54, 54, 54, 0, 0
DB 0, 0, 0, 40, 40, 40, 40, 40, 0, 0, 0, 0, 41, 41, 41, 41, 41, 41, 41, 41
DB 41, 41, 41, 41, 41, 41, 41, 41, 41, 41, 41, 41, 41, 41, 54, 54, 54, 54, 54, 54
DB 54, 54, 54, 54, 54, 54, 54, 54, 54, 54, 54, 77, 77, 77, 77, 54, 54, 54, 54, 54
DB 54, 54, 54, 54, 54, 54, 54, 54, 54, 54, 77, 77, 54, 54, 54, 54, 54, 54, 54, 54
DB 54, 54, 54, 54, 54, 54, 54, 54, 54, 54, 54, 54, 54, 54, 54, 54, 30, 30, 77, 77
DB 77, 77, 54, 54, 54, 54, 54, 54, 54, 54, 54, 54, 54, 54, 54, 54, 54, 54, 54, 54
DB 40, 40, 40, 40, 40, 40, 40, 40, 0, 0, 0, 0, 41, 41, 41, 41, 64, 64, 64, 64
DB 41, 64, 64, 64, 64, 64, 41, 41, 41, 41, 41, 41, 41, 41, 41, 41, 41, 54, 54, 54
DB 54, 54, 54, 54, 54, 54, 54, 54, 54, 54, 54, 54, 54, 54, 54, 54, 54, 54, 54, 54
DB 54, 54, 54, 54, 54, 54, 54, 54, 54, 54, 54, 54, 54, 54, 54, 54, 54, 54, 54, 54
DB 54, 54, 54, 54, 54, 54, 54, 54, 54, 54, 54, 54, 54, 54, 54, 54, 30, 30, 77, 77
DB 77, 77, 54, 54, 54, 54, 54, 54, 54, 54, 54, 54, 54, 54, 54, 54, 54, 54, 54, 54
DB 40, 40, 40, 40, 40, 40, 40, 40, 0, 0, 0, 0, 41, 41, 41, 41, 64, 64, 64, 64
DB 41, 64, 64, 64, 64, 64, 41, 41, 41, 41, 41, 41, 41, 41, 41, 41, 41, 54, 54, 54
DB 54, 54, 54, 54, 54, 54, 54, 54, 54, 54, 54, 54, 54, 54, 54, 54, 54, 54, 54, 54
DB 54, 54, 54, 54, 54, 54, 54, 54, 54, 54, 54, 54, 54, 54, 54, 54, 54, 54, 54, 54
DB 54, 54, 54, 54, 54, 54, 54, 54, 54, 54, 54, 54, 54, 54, 54, 54, 77, 77, 77, 77
DB 77, 77, 54, 54, 54, 54, 54, 54, 54, 54, 54, 54, 54, 54, 54, 54, 54, 54, 54, 54
DB 40, 40, 40, 40, 40, 40, 0, 0, 0, 0, 0, 0, 41, 64, 64, 64, 64, 64, 64, 64
DB 64, 64, 64, 64, 64, 64, 64, 64, 64, 64, 64, 64, 41, 41, 41, 41, 41, 41, 54, 54
DB 54, 54, 54, 54, 54, 54, 54, 54, 54, 54, 54, 54, 54, 54, 54, 54, 54, 54, 54, 54
DB 54, 54, 54, 54, 54, 54, 54, 54, 54, 54, 54, 54, 54, 54, 54, 54, 54, 54, 54, 54
DB 54, 54, 54, 54, 54, 54, 54, 54, 54, 54, 54, 54, 54, 54, 54, 54, 77, 77, 77, 77
DB 77, 77, 54, 54, 54, 54, 54, 54, 54, 54, 54, 54, 54, 54, 54, 54, 54, 0, 0, 0
DB 40, 40, 0, 0, 0, 0, 0, 0, 0, 0, 41, 41, 64, 64, 64, 64, 64, 64, 64, 64
DB 64, 64, 64, 64, 64, 64, 64, 64, 64, 64, 64, 64, 64, 64, 41, 41, 41, 41, 41, 41
DB 54, 54, 54, 54, 54, 54, 54, 54, 54, 54, 54, 54, 54, 54, 54, 54, 54, 54, 54, 54
DB 54, 54, 54, 54, 54, 54, 54, 54, 54, 54, 54, 54, 54, 54, 54, 54, 54, 54, 54, 54
DB 54, 54, 54, 54, 54, 54, 54, 54, 54, 54, 54, 54, 54, 54, 54, 54, 54, 77, 77, 77
DB 54, 54, 54, 54, 54, 54, 54, 54, 54, 54, 54, 54, 54, 54, 54, 54, 54, 0, 0, 0
DB 0, 0, 0, 0, 0, 0, 0, 0, 41, 41, 64, 64, 64, 64, 64, 64, 64, 64, 64, 64
DB 64, 64, 64, 64, 30, 30, 30, 30, 30, 30, 30, 30, 64, 64, 64, 64, 41, 41, 41, 41
DB 41, 41, 54, 54, 54, 54, 54, 54, 54, 54, 54, 54, 54, 54, 54, 54, 54, 54, 54, 54
DB 54, 54, 54, 54, 54, 54, 30, 77, 77, 54, 54, 54, 54, 54, 54, 54, 54, 54, 54, 54
DB 54, 54, 54, 54, 54, 54, 54, 54, 54, 54, 54, 54, 54, 54, 54, 54, 54, 54, 54, 54
DB 54, 54, 54, 54, 54, 54, 54, 54, 54, 54, 54, 54, 54, 54, 54, 54, 54, 54, 54, 54
DB 0, 0, 0, 0, 0, 0, 41, 41, 64, 64, 64, 64, 64, 64, 64, 76, 64, 64, 76, 64
DB 64, 64, 64, 64, 30, 30, 30, 30, 30, 30, 30, 30, 30, 30, 64, 64, 64, 64, 41, 41
DB 41, 41, 41, 54, 54, 54, 54, 54, 54, 54, 54, 54, 54, 54, 54, 54, 54, 54, 54, 54
DB 54, 54, 54, 54, 30, 30, 30, 30, 77, 77, 54, 54, 54, 54, 54, 54, 54, 54, 54, 54
DB 54, 54, 54, 54, 54, 54, 54, 54, 54, 54, 54, 30, 77, 77, 54, 54, 54, 54, 54, 54
DB 54, 54, 54, 54, 54, 54, 54, 54, 54, 54, 54, 54, 54, 54, 54, 54, 54, 54, 54, 54
DB 54, 54, 54, 41, 41, 41, 64, 64, 64, 64, 64, 64, 64, 64, 64, 76, 64, 64, 76, 64
DB 64, 64, 64, 64, 64, 30, 30, 30, 30, 30, 30, 30, 30, 30, 30, 30, 30, 64, 64, 41
DB 41, 41, 41, 41, 54, 54, 54, 54, 54, 54, 54, 54, 54, 54, 54, 54, 54, 54, 54, 54
DB 54, 54, 54, 30, 30, 30, 30, 77, 77, 77, 77, 77, 54, 54, 54, 54, 54, 54, 54, 54
DB 54, 54, 54, 54, 54, 54, 54, 54, 54, 54, 54, 30, 77, 77, 54, 54, 54, 54, 54, 54
DB 54, 54, 54, 54, 54, 54, 54, 54, 54, 54, 54, 54, 54, 54, 54, 54, 54, 54, 54, 54
DB 54, 54, 54, 41, 41, 41, 64, 64, 64, 64, 64, 64, 64, 64, 64, 76, 64, 64, 76, 64
DB 64, 64, 64, 64, 64, 30, 30, 30, 30, 30, 30, 30, 30, 30, 30, 30, 30, 64, 64, 41
DB 41, 41, 41, 41, 54, 54, 54, 54, 54, 54, 54, 54, 54, 54, 54, 54, 54, 54, 54, 54
DB 54, 54, 54, 30, 30, 30, 30, 77, 77, 77, 77, 77, 54, 54, 54, 54, 54, 54, 54, 54
DB 54, 54, 54, 54, 54, 54, 54, 54, 54, 54, 30, 30, 30, 77, 77, 77, 54, 54, 54, 54
DB 54, 54, 54, 54, 54, 54, 54, 54, 54, 54, 54, 54, 54, 54, 54, 54, 54, 54, 54, 54
DB 54, 54, 41, 41, 41, 41, 64, 64, 64, 64, 64, 64, 64, 64, 64, 64, 76, 76, 64, 64
DB 64, 64, 64, 64, 64, 64, 30, 30, 30, 30, 30, 30, 30, 30, 30, 30, 30, 30, 30, 64
DB 41, 41, 41, 41, 41, 54, 54, 54, 54, 54, 54, 54, 54, 54, 54, 54, 54, 54, 54, 54
DB 54, 54, 54, 77, 30, 30, 77, 77, 77, 77, 77, 77, 54, 54, 54, 54, 54, 54, 54, 54
DB 54, 54, 54, 54, 54, 54, 54, 54, 30, 30, 30, 30, 77, 77, 77, 77, 77, 54, 54, 54
DB 54, 54, 54, 54, 54, 54, 54, 54, 54, 54, 54, 54, 54, 54, 54, 54, 54, 54, 54, 54
DB 54, 41, 41, 41, 64, 64, 64, 64, 64, 64, 64, 64, 41, 64, 64, 64, 64, 64, 64, 64
DB 64, 64, 64, 64, 64, 64, 64, 64, 64, 64, 64, 30, 30, 30, 30, 30, 30, 30, 30, 64
DB 64, 64, 41, 41, 41, 54, 54, 54, 54, 54, 54, 54, 54, 54, 54, 54, 54, 54, 54, 54
DB 54, 54, 54, 77, 77, 77, 77, 77, 77, 77, 77, 77, 54, 54, 54, 54, 54, 54, 54, 54
DB 54, 54, 54, 54, 54, 54, 54, 54, 77, 77, 30, 77, 77, 77, 77, 77, 77, 54, 54, 54
DB 54, 54, 54, 54, 54, 54, 54, 54, 54, 54, 54, 54, 54, 54, 54, 54, 54, 54, 54, 54
DB 41, 41, 41, 64, 64, 64, 64, 64, 64, 64, 64, 64, 64, 64, 64, 64, 64, 64, 64, 64
DB 64, 64, 64, 64, 64, 64, 64, 64, 64, 64, 64, 64, 64, 30, 30, 30, 30, 30, 30, 30
DB 64, 64, 64, 41, 41, 41, 54, 54, 54, 54, 54, 54, 54, 54, 54, 54, 54, 54, 54, 54
DB 54, 54, 54, 54, 77, 77, 77, 77, 77, 77, 54, 54, 54, 54, 54, 54, 54, 54, 54, 54
DB 54, 54, 54, 54, 54, 54, 54, 54, 77, 77, 77, 77, 77, 77, 77, 77, 77, 54, 54, 54
DB 54, 54, 54, 54, 54, 54, 54, 54, 54, 54, 54, 54, 54, 54, 54, 54, 54, 54, 54, 54
DB 41, 41, 41, 64, 64, 64, 64, 64, 64, 64, 64, 64, 64, 64, 64, 64, 64, 64, 64, 64
DB 64, 64, 64, 64, 64, 64, 64, 64, 64, 64, 64, 64, 64, 64, 30, 30, 30, 30, 30, 30
DB 64, 64, 64, 64, 41, 41, 41, 41, 54, 54, 54, 54, 54, 54, 54, 54, 54, 54, 54, 54
DB 54, 54, 54, 54, 54, 54, 77, 77, 77, 54, 54, 54, 54, 54, 54, 54, 54, 54, 54, 54
DB 54, 54, 54, 54, 54, 54, 54, 54, 54, 54, 77, 77, 77, 77, 77, 77, 54, 54, 54, 54
DB 54, 54, 54, 54, 54, 54, 54, 54, 54, 54, 54, 54, 54, 54, 54, 54, 54, 54, 41, 41
DB 41, 41, 64, 64, 64, 64, 64, 64, 64, 64, 64, 64, 64, 64, 64, 64, 64, 64, 64, 64
DB 64, 64, 64, 64, 64, 64, 64, 64, 64, 64, 64, 64, 64, 64, 30, 30, 30, 30, 30, 30
DB 64, 64, 64, 64, 41, 41, 41, 41, 54, 54, 54, 54, 54, 54, 54, 54, 54, 54, 54, 54
DB 54, 54, 54, 54, 54, 54, 54, 54, 54, 54, 54, 54, 54, 54, 54, 54, 54, 54, 54, 54
DB 54, 54, 54, 54, 54, 54, 54, 54, 54, 54, 77, 77, 77, 77, 77, 77, 54, 54, 54, 54
DB 54, 54, 54, 54, 54, 54, 54, 54, 54, 54, 54, 54, 54, 54, 54, 54, 54, 54, 41, 41
DB 41, 41, 64, 64, 64, 64, 64, 64, 64, 64, 64, 64, 64, 64, 64, 64, 64, 64, 64, 64
DB 64, 64, 64, 64, 64, 64, 64, 64, 64, 64, 64, 64, 64, 64, 30, 30, 30, 30, 30, 30
DB 64, 64, 64, 64, 41, 41, 41, 41, 54, 54, 54, 54, 54, 54, 54, 54, 54, 54, 54, 54
DB 54, 54, 54, 54, 54, 54, 54, 54, 54, 54, 54, 54, 54, 54, 54, 54, 54, 54, 54, 54
DB 54, 54, 54, 54, 54, 54, 54, 54, 54, 54, 54, 77, 77, 77, 54, 54, 54, 54, 54, 54
DB 54, 54, 54, 54, 54, 54, 54, 54, 54, 54, 54, 54, 54, 54, 54, 54, 54, 54, 41, 41
DB 41, 41, 64, 64, 64, 64, 64, 64, 64, 64, 64, 64, 64, 64, 64, 64, 64, 64, 64, 64
DB 64, 64, 64, 64, 64, 64, 64, 64, 64, 64, 64, 64, 64, 64, 64, 64, 64, 30, 30, 30
DB 64, 64, 64, 64, 64, 41, 41, 41, 41, 54, 54, 54, 54, 54, 77, 54, 54, 54, 54, 54
DB 54, 54, 54, 54, 54, 54, 54, 54, 54, 54, 54, 54, 54, 54, 54, 54, 54, 54, 54, 54
DB 54, 54, 54, 54, 54, 54, 54, 54, 54, 54, 54, 54, 54, 54, 54, 54, 54, 54, 54, 30
DB 54, 54, 54, 54, 54, 54, 54, 54, 54, 54, 54, 54, 54, 54, 54, 54, 54, 41, 41, 41
DB 41, 64, 64, 64, 64, 64, 41, 64, 64, 64, 64, 64, 64, 64, 64, 64, 64, 64, 64, 64
DB 64, 64, 64, 64, 64, 64, 64, 64, 64, 64, 64, 64, 64, 64, 64, 64, 64, 64, 64, 64
DB 64, 64, 30, 30, 64, 41, 41, 41, 41, 54, 54, 54, 54, 54, 54, 54, 54, 54, 54, 54
DB 54, 54, 54, 54, 54, 54, 54, 54, 54, 54, 54, 54, 54, 54, 54, 54, 54, 54, 54, 54
DB 54, 54, 54, 54, 54, 54, 54, 54, 54, 54, 54, 54, 54, 54, 54, 54, 54, 54, 30, 77
DB 77, 77, 54, 54, 54, 54, 54, 54, 54, 54, 54, 54, 54, 54, 54, 54, 54, 41, 41, 41
DB 41, 64, 64, 64, 64, 64, 64, 64, 64, 64, 64, 64, 64, 41, 64, 64, 64, 64, 64, 64
DB 64, 64, 64, 64, 64, 64, 64, 64, 64, 64, 64, 64, 64, 64, 64, 64, 64, 64, 64, 64
DB 64, 64, 30, 30, 64, 64, 41, 41, 41, 54, 54, 54, 54, 54, 54, 54, 54, 54, 54, 54
DB 54, 54, 54, 54, 54, 54, 54, 54, 54, 54, 54, 54, 54, 54, 54, 54, 54, 54, 54, 54
DB 54, 54, 54, 54, 54, 54, 54, 54, 54, 54, 54, 54, 54, 54, 54, 54, 54, 54, 54, 77
DB 54, 54, 54, 54, 54, 54, 54, 54, 54, 54, 54, 54, 54, 54, 54, 54, 54, 41, 41, 41
DB 64, 64, 64, 64, 64, 64, 64, 64, 64, 64, 64, 64, 64, 64, 64, 64, 64, 64, 64, 64
DB 64, 64, 64, 64, 64, 64, 64, 64, 64, 64, 64, 64, 64, 64, 64, 64, 64, 64, 64, 64
DB 64, 64, 30, 30, 30, 64, 41, 41, 41, 54, 54, 54, 54, 54, 54, 54, 54, 54, 54, 54
DB 54, 54, 54, 54, 54, 54, 54, 54, 54, 54, 54, 54, 54, 54, 54, 54, 54, 54, 54, 54
DB 54, 54, 54, 54, 54, 54, 54, 54, 54, 54, 54, 54, 54, 54, 54, 54, 54, 54, 54, 54
DB 54, 54, 54, 54, 54, 54, 54, 54, 54, 54, 54, 54, 54, 54, 54, 54, 54, 41, 41, 41
DB 64, 64, 64, 64, 64, 64, 64, 64, 64, 64, 64, 64, 64, 64, 64, 64, 64, 64, 64, 64
DB 64, 64, 64, 64, 64, 64, 64, 64, 64, 64, 64, 64, 64, 64, 64, 64, 64, 64, 64, 64
DB 64, 64, 64, 30, 30, 64, 41, 41, 41, 41, 54, 54, 54, 54, 54, 54, 54, 54, 54, 54
DB 54, 54, 54, 54, 54, 54, 54, 54, 54, 54, 54, 54, 54, 54, 54, 54, 54, 54, 54, 54
DB 54, 54, 54, 54, 54, 54, 54, 54, 54, 54, 54, 54, 54, 54, 54, 54, 54, 54, 54, 54
DB 54, 54, 54, 54, 54, 54, 54, 54, 54, 54, 54, 54, 54, 54, 54, 54, 54, 41, 41, 41
DB 64, 64, 64, 64, 64, 64, 64, 64, 64, 64, 64, 64, 64, 64, 64, 64, 64, 64, 64, 64
DB 64, 64, 64, 64, 64, 64, 64, 64, 64, 64, 64, 64, 64, 64, 64, 64, 64, 64, 64, 64
DB 64, 64, 64, 30, 30, 64, 41, 41, 41, 41, 54, 54, 54, 54, 54, 54, 54, 54, 54, 54
DB 54, 54, 54, 54, 54, 54, 54, 54, 54, 54, 54, 54, 54, 54, 54, 54, 54, 54, 54, 54
DB 54, 54, 54, 54, 54, 54, 54, 54, 54, 54, 54, 54, 54, 54, 54, 54, 54, 54, 54, 54
DB 54, 54, 54, 54, 54, 54, 54, 54, 54, 54, 54, 54, 54, 54, 54, 54, 54, 41, 41, 41
DB 64, 64, 64, 64, 64, 64, 64, 64, 64, 64, 64, 64, 64, 64, 64, 64, 64, 64, 64, 64
DB 64, 64, 64, 64, 64, 64, 64, 64, 64, 64, 64, 64, 64, 64, 64, 64, 64, 64, 64, 64
DB 64, 64, 64, 64, 64, 64, 41, 41, 41, 41, 54, 54, 54, 54, 54, 54, 54, 54, 54, 54
DB 54, 54, 54, 54, 54, 54, 54, 54, 54, 54, 54, 54, 54, 54, 54, 54, 54, 54, 54, 54
DB 54, 54, 54, 54, 54, 54, 54, 54, 54, 54, 54, 54, 54, 54, 54, 54, 54, 54, 54, 54
DB 54, 54, 54, 54, 54, 54, 54, 54, 54, 54, 54, 54, 54, 54, 54, 54, 54, 41, 41, 41
DB 64, 64, 64, 64, 64, 64, 64, 64, 64, 64, 64, 64, 64, 64, 64, 64, 64, 64, 64, 64
DB 64, 64, 64, 64, 64, 64, 64, 64, 64, 64, 64, 64, 64, 64, 64, 64, 64, 64, 64, 64
DB 64, 64, 64, 64, 64, 64, 64, 64, 41, 41, 54, 54, 54, 54, 54, 54, 54, 54, 54, 54
DB 54, 54, 54, 54, 54, 54, 54, 54, 54, 54, 54, 54, 54, 54, 54, 54, 54, 54, 54, 54
DB 54, 54, 54, 54, 54, 54, 54, 54, 54, 54, 54, 54, 54, 54, 54, 54, 54, 54, 54, 54
DB 54, 54, 54, 54, 54, 54, 54, 54, 54, 54, 54, 54, 54, 54, 54, 54, 54, 41, 41, 41
DB 64, 64, 64, 64, 64, 64, 64, 64, 64, 64, 64, 64, 64, 64, 64, 64, 64, 64, 64, 64
DB 64, 64, 64, 64, 64, 64, 64, 64, 64, 64, 64, 64, 64, 64, 64, 64, 64, 64, 64, 64
DB 64, 64, 64, 64, 64, 64, 64, 64, 41, 41, 54, 54, 54, 54, 54, 54, 54, 54, 54, 54
DB 54, 54, 54, 54, 54, 54, 54, 54, 54, 54, 54, 54, 9, 9, 9, 9, 9, 9, 9, 9
DB 54, 54, 54, 54, 54, 54, 54, 54, 54, 54, 54, 54, 54, 54, 54, 54, 54, 54, 54, 54
DB 54, 54, 54, 54, 54, 54, 54, 54, 54, 54, 54, 54, 54, 54, 54, 54, 54, 41, 41, 41
DB 64, 64, 64, 64, 64, 64, 64, 64, 76, 64, 76, 76, 64, 64, 64, 64, 64, 64, 64, 64
DB 64, 64, 64, 64, 64, 64, 64, 64, 64, 64, 64, 64, 64, 64, 64, 64, 64, 64, 64, 64
DB 64, 64, 64, 64, 64, 64, 64, 64, 41, 41, 54, 54, 54, 54, 54, 54, 54, 54, 54, 54
DB 54, 54, 54, 54, 54, 54, 9, 9, 9, 9, 9, 9, 9, 9, 9, 9, 9, 9, 9, 9
DB 9, 9, 54, 54, 54, 54, 54, 54, 54, 54, 54, 54, 54, 54, 54, 54, 54, 54, 54, 54
DB 54, 54, 54, 54, 54, 54, 54, 54, 54, 54, 54, 54, 54, 54, 54, 54, 54, 41, 41, 41
DB 64, 64, 41, 64, 64, 64, 64, 64, 76, 64, 76, 76, 64, 64, 64, 64, 64, 64, 64, 64
DB 64, 64, 64, 64, 64, 64, 64, 64, 64, 64, 64, 64, 64, 64, 64, 64, 64, 64, 64, 64
DB 64, 64, 64, 64, 64, 64, 64, 64, 41, 41, 54, 54, 54, 54, 54, 54, 9, 9, 9, 9
DB 9, 9, 9, 9, 9, 9, 9, 9, 9, 9, 9, 9, 9, 9, 9, 9, 9, 9, 9, 9
DB 9, 9, 54, 54, 54, 54, 54, 54, 54, 54, 54, 54, 54, 54, 54, 54, 54, 54, 54, 54
DB 54, 54, 54, 54, 54, 54, 54, 54, 54, 54, 54, 54, 54, 54, 54, 54, 54, 41, 41, 41
DB 64, 64, 41, 64, 64, 64, 64, 64, 76, 64, 76, 76, 64, 64, 64, 64, 64, 64, 64, 64
DB 64, 64, 64, 64, 64, 64, 64, 64, 64, 64, 64, 64, 64, 64, 64, 64, 64, 64, 64, 64
DB 64, 64, 64, 64, 64, 64, 64, 64, 41, 41, 54, 54, 54, 54, 54, 54, 9, 9, 9, 9
DB 9, 9, 9, 9, 9, 9, 9, 9, 9, 9, 9, 9, 9, 9, 9, 9, 9, 9, 9, 9
DB 9, 9, 9, 9, 9, 54, 54, 54, 54, 54, 54, 54, 54, 54, 54, 54, 54, 54, 54, 54
DB 54, 54, 54, 54, 54, 54, 54, 54, 54, 54, 54, 54, 54, 54, 54, 54, 54, 41, 41, 41
DB 64, 64, 64, 64, 64, 64, 64, 64, 64, 76, 64, 64, 64, 64, 64, 64, 64, 64, 64, 64
DB 64, 64, 64, 64, 64, 64, 64, 64, 64, 64, 64, 64, 64, 64, 64, 64, 64, 64, 64, 64
DB 64, 64, 64, 64, 64, 64, 64, 64, 41, 41, 9, 9, 9, 9, 9, 9, 9, 9, 9, 9
DB 9, 9, 9, 9, 9, 9, 9, 9, 9, 9, 9, 9, 9, 9, 9, 9, 9, 9, 9, 9
DB 9, 9, 9, 9, 9, 9, 9, 9, 9, 9, 9, 9, 9, 9, 9, 9, 9, 9, 9, 9
DB 9, 9, 9, 9, 9, 9, 9, 9, 9, 9, 9, 9, 9, 9, 9, 9, 9, 41, 41, 41
DB 64, 64, 64, 64, 64, 64, 64, 64, 64, 64, 64, 64, 12, 12, 12, 12, 12, 12, 12, 12
DB 12, 64, 64, 64, 64, 64, 64, 64, 12, 12, 12, 12, 12, 12, 12, 12, 64, 64, 64, 64
DB 76, 76, 64, 76, 64, 64, 64, 64, 41, 41, 9, 9, 9, 9, 9, 9, 9, 9, 9, 9
DB 9, 9, 9, 9, 9, 9, 9, 9, 9, 9, 9, 9, 9, 9, 9, 9, 9, 9, 9, 9
DB 9, 9, 9, 9, 9, 9, 9, 9, 9, 9, 9, 9, 9, 9, 9, 9, 9, 9, 9, 9
DB 9, 9, 9, 9, 9, 9, 9, 9, 9, 9, 9, 9, 9, 9, 9, 9, 9, 41, 41, 41
DB 41, 64, 64, 64, 64, 64, 64, 64, 64, 64, 12, 12, 12, 64, 64, 64, 64, 64, 64, 64
DB 64, 12, 64, 64, 64, 64, 64, 12, 12, 12, 64, 64, 64, 64, 12, 12, 12, 64, 64, 64
DB 76, 76, 64, 76, 64, 64, 64, 64, 41, 41, 9, 9, 9, 9, 9, 9, 9, 9, 9, 9
DB 9, 9, 9, 9, 9, 9, 9, 9, 9, 9, 9, 9, 9, 9, 9, 9, 9, 9, 9, 9
DB 9, 9, 9, 9, 9, 9, 9, 9, 9, 9, 9, 9, 9, 9, 9, 9, 9, 9, 9, 9
DB 9, 9, 9, 9, 9, 9, 9, 9, 9, 9, 9, 9, 9, 9, 9, 9, 9, 41, 41, 41
DB 41, 64, 64, 64, 64, 64, 64, 64, 64, 12, 64, 64, 64, 64, 64, 64, 64, 64, 64, 64
DB 64, 12, 64, 64, 64, 64, 12, 12, 64, 64, 64, 64, 64, 64, 64, 64, 12, 12, 64, 64
DB 64, 64, 76, 64, 64, 64, 41, 41, 41, 41, 9, 9, 9, 9, 9, 9, 9, 9, 9, 9
DB 9, 9, 9, 9, 9, 9, 9, 9, 9, 9, 9, 9, 9, 9, 9, 9, 9, 9, 9, 9
DB 9, 9, 9, 9, 9, 9, 9, 9, 9, 9, 9, 9, 9, 9, 9, 9, 9, 9, 9, 9
DB 9, 9, 9, 9, 9, 9, 9, 9, 9, 9, 9, 9, 9, 9, 9, 9, 9, 9, 41, 41
DB 41, 64, 64, 64, 64, 64, 64, 64, 12, 12, 64, 64, 64, 64, 15, 15, 15, 15, 64, 64
DB 64, 64, 12, 12, 64, 64, 12, 64, 64, 64, 64, 15, 15, 15, 64, 64, 64, 12, 12, 64
DB 64, 64, 64, 64, 64, 64, 41, 41, 41, 41, 9, 9, 9, 9, 9, 9, 9, 9, 9, 9
DB 9, 9, 9, 9, 9, 9, 9, 9, 9, 9, 9, 9, 9, 9, 9, 9, 9, 9, 9, 9
DB 9, 9, 9, 9, 9, 9, 9, 9, 9, 9, 9, 9, 9, 9, 9, 9, 9, 9, 9, 9
DB 9, 9, 9, 9, 9, 9, 9, 9, 9, 9, 9, 9, 9, 9, 9, 9, 9, 9, 41, 41
DB 41, 64, 64, 64, 64, 64, 64, 64, 12, 12, 64, 64, 64, 64, 15, 15, 15, 15, 64, 64
DB 64, 64, 12, 12, 64, 64, 12, 64, 64, 64, 64, 15, 15, 15, 64, 64, 64, 12, 12, 64
DB 64, 64, 64, 64, 64, 64, 41, 41, 41, 41, 9, 9, 9, 9, 9, 9, 9, 9, 9, 9
DB 9, 9, 9, 9, 9, 9, 9, 9, 9, 9, 9, 9, 9, 9, 9, 9, 9, 9, 9, 9
DB 9, 9, 9, 9, 9, 9, 9, 9, 9, 9, 9, 9, 9, 9, 9, 9, 9, 9, 9, 9
DB 9, 9, 9, 9, 9, 9, 9, 9, 9, 9, 9, 9, 9, 9, 9, 9, 9, 9, 41, 41
DB 41, 64, 64, 64, 64, 64, 64, 64, 12, 64, 64, 64, 64, 15, 15, 15, 15, 15, 15, 64
DB 64, 64, 12, 12, 64, 12, 12, 64, 64, 64, 15, 15, 15, 15, 15, 15, 64, 64, 12, 64
DB 64, 64, 64, 64, 64, 64, 41, 41, 41, 9, 9, 9, 9, 9, 9, 9, 9, 9, 9, 9
DB 9, 9, 9, 9, 9, 9, 9, 9, 9, 9, 9, 9, 9, 9, 9, 9, 9, 9, 9, 9
DB 9, 9, 9, 9, 9, 9, 9, 9, 9, 9, 9, 9, 9, 9, 9, 9, 9, 9, 9, 9
DB 9, 9, 9, 9, 9, 9, 9, 9, 9, 9, 9, 9, 9, 9, 9, 9, 9, 9, 41, 41
DB 41, 41, 64, 64, 64, 64, 64, 64, 12, 64, 64, 64, 64, 15, 15, 15, 15, 15, 15, 64
DB 64, 64, 12, 12, 64, 12, 64, 64, 64, 64, 15, 15, 15, 15, 15, 15, 64, 64, 12, 12
DB 64, 64, 64, 64, 64, 64, 41, 41, 41, 9, 9, 9, 9, 9, 9, 9, 9, 9, 9, 9
DB 9, 9, 9, 9, 9, 9, 9, 9, 9, 9, 9, 9, 9, 9, 9, 9, 9, 9, 9, 9
DB 9, 9, 9, 9, 9, 9, 9, 9, 9, 9, 9, 9, 9, 9, 9, 9, 9, 9, 9, 9
DB 9, 9, 9, 9, 9, 9, 9, 9, 9, 9, 9, 9, 9, 9, 9, 9, 9, 9, 41, 41
DB 41, 41, 64, 64, 64, 64, 64, 12, 64, 64, 64, 64, 64, 0, 15, 15, 15, 15, 0, 64
DB 64, 64, 64, 64, 64, 64, 64, 64, 64, 64, 0, 15, 15, 15, 0, 0, 64, 64, 64, 12
DB 64, 64, 64, 64, 64, 41, 41, 41, 41, 41, 41, 9, 9, 9, 9, 9, 9, 9, 9, 9
DB 9, 9, 9, 9, 9, 9, 9, 9, 9, 9, 9, 9, 9, 9, 9, 9, 9, 9, 9, 9
DB 9, 9, 9, 9, 9, 9, 9, 9, 9, 9, 9, 9, 9, 9, 9, 9, 9, 9, 9, 9
DB 9, 9, 9, 9, 9, 9, 9, 9, 9, 9, 9, 9, 9, 9, 9, 9, 9, 9, 9, 9
DB 41, 41, 41, 64, 64, 64, 64, 12, 64, 64, 64, 64, 64, 0, 0, 0, 0, 0, 0, 64
DB 64, 64, 64, 64, 64, 64, 64, 64, 64, 64, 0, 0, 0, 0, 0, 0, 64, 64, 64, 12
DB 64, 64, 64, 64, 64, 41, 41, 41, 41, 41, 41, 41, 41, 41, 9, 9, 9, 9, 9, 9
DB 9, 9, 9, 9, 9, 9, 9, 9, 9, 9, 9, 9, 9, 9, 9, 9, 9, 9, 9, 9
DB 9, 9, 9, 9, 9, 9, 9, 9, 9, 9, 9, 9, 9, 9, 9, 9, 9, 9, 9, 9
DB 9, 9, 9, 9, 9, 9, 9, 9, 9, 9, 9, 9, 9, 9, 9, 9, 9, 9, 9, 9
DB 41, 41, 41, 64, 64, 64, 64, 64, 64, 64, 64, 64, 64, 0, 0, 0, 0, 0, 0, 64
DB 64, 64, 64, 64, 64, 64, 64, 64, 64, 64, 0, 0, 0, 0, 0, 0, 64, 64, 64, 12
DB 64, 64, 64, 64, 41, 41, 41, 41, 65, 65, 41, 41, 41, 41, 9, 9, 9, 9, 9, 9
DB 9, 9, 9, 9, 9, 9, 9, 9, 9, 9, 9, 9, 9, 9, 9, 9, 9, 9, 9, 9
DB 9, 9, 9, 9, 9, 9, 9, 9, 9, 9, 9, 9, 9, 9, 9, 9, 9, 9, 9, 9
DB 9, 9, 9, 9, 9, 9, 9, 9, 9, 9, 9, 9, 9, 9, 9, 9, 9, 9, 9, 9
DB 41, 41, 41, 64, 64, 64, 64, 64, 64, 64, 64, 64, 64, 0, 0, 0, 0, 0, 0, 64
DB 64, 64, 64, 64, 64, 64, 64, 64, 64, 64, 0, 0, 0, 0, 0, 0, 64, 64, 64, 12
DB 64, 64, 64, 64, 41, 41, 41, 41, 65, 65, 41, 41, 41, 41, 9, 9, 9, 9, 9, 9
DB 9, 9, 9, 9, 9, 9, 9, 9, 9, 9, 9, 9, 9, 9, 9, 9, 9, 9, 9, 9
DB 9, 9, 9, 9, 9, 9, 9, 9, 9, 9, 9, 9, 9, 9, 9, 9, 9, 9, 9, 9
DB 9, 9, 9, 9, 9, 9, 9, 9, 9, 9, 9, 9, 9, 9, 9, 9, 9, 9, 9, 9
DB 9, 41, 41, 41, 64, 64, 64, 64, 64, 64, 64, 64, 64, 0, 0, 0, 0, 0, 0, 64
DB 64, 64, 64, 64, 64, 64, 64, 64, 64, 64, 0, 0, 0, 0, 0, 0, 64, 64, 64, 64
DB 64, 64, 64, 64, 41, 41, 41, 41, 65, 65, 65, 41, 41, 41, 41, 9, 9, 9, 9, 9
DB 9, 9, 9, 9, 9, 9, 9, 9, 9, 9, 9, 9, 9, 9, 9, 9, 9, 9, 9, 9
DB 9, 9, 9, 9, 9, 9, 9, 9, 9, 9, 9, 9, 9, 9, 9, 9, 9, 9, 9, 9
DB 9, 9, 9, 9, 9, 9, 9, 9, 9, 9, 9, 9, 9, 9, 9, 9, 9, 9, 9, 9
DB 9, 41, 41, 41, 64, 64, 64, 64, 64, 64, 64, 64, 64, 10, 0, 0, 0, 0, 10, 64
DB 64, 64, 64, 64, 64, 64, 64, 64, 64, 64, 10, 0, 0, 0, 10, 10, 64, 64, 64, 64
DB 64, 64, 64, 41, 41, 41, 65, 65, 65, 65, 65, 41, 41, 41, 41, 9, 9, 9, 9, 9
DB 9, 9, 9, 9, 9, 9, 9, 9, 9, 9, 9, 9, 9, 9, 9, 9, 9, 9, 9, 9
DB 9, 9, 9, 9, 9, 9, 9, 9, 9, 9, 9, 9, 9, 9, 9, 9, 9, 9, 9, 9
DB 9, 9, 9, 9, 9, 9, 9, 9, 9, 9, 9, 9, 9, 9, 9, 9, 9, 9, 9, 9
DB 9, 9, 41, 41, 41, 41, 64, 64, 64, 64, 64, 64, 64, 10, 10, 10, 10, 10, 10, 64
DB 64, 64, 64, 64, 64, 64, 64, 64, 64, 64, 10, 10, 10, 10, 10, 10, 64, 64, 64, 64
DB 64, 64, 41, 41, 41, 65, 65, 65, 65, 65, 65, 65, 41, 41, 41, 9, 9, 9, 9, 9
DB 9, 9, 9, 9, 9, 9, 9, 9, 9, 9, 9, 9, 9, 9, 9, 9, 9, 9, 9, 9
DB 9, 9, 9, 9, 9, 9, 9, 9, 9, 9, 9, 9, 9, 9, 9, 9, 9, 9, 9, 9
DB 9, 9, 9, 9, 9, 9, 9, 9, 9, 9, 9, 9, 9, 9, 9, 9, 9, 9, 9, 9
DB 9, 9, 41, 41, 64, 64, 87, 87, 87, 87, 64, 64, 64, 64, 10, 10, 10, 10, 64, 64
DB 64, 64, 64, 64, 64, 64, 64, 64, 64, 64, 64, 10, 10, 10, 64, 64, 64, 64, 64, 64
DB 41, 41, 41, 41, 41, 65, 65, 65, 87, 65, 65, 65, 41, 41, 41, 41, 9, 9, 9, 9
DB 9, 9, 9, 9, 9, 9, 9, 9, 9, 9, 9, 9, 9, 9, 9, 9, 9, 9, 9, 9
DB 9, 9, 9, 9, 9, 9, 9, 9, 9, 9, 9, 9, 9, 9, 9, 9, 9, 9, 9, 9
DB 9, 9, 9, 9, 9, 9, 9, 9, 9, 9, 9, 9, 9, 9, 9, 9, 9, 9, 9, 9
DB 9, 9, 41, 41, 87, 87, 87, 87, 87, 87, 87, 87, 64, 64, 64, 64, 64, 64, 64, 64
DB 64, 64, 64, 64, 64, 64, 64, 64, 64, 64, 64, 64, 64, 64, 64, 64, 87, 87, 87, 87
DB 64, 64, 41, 41, 64, 65, 65, 65, 87, 65, 65, 87, 65, 65, 41, 41, 9, 9, 9, 9
DB 9, 9, 9, 9, 9, 9, 9, 9, 9, 9, 9, 9, 9, 9, 9, 9, 9, 9, 9, 9
DB 9, 9, 9, 9, 9, 9, 9, 9, 9, 9, 9, 9, 9, 9, 9, 9, 9, 9, 9, 9
DB 9, 9, 9, 9, 9, 9, 9, 9, 9, 9, 9, 9, 9, 9, 9, 9, 9, 9, 9, 9
DB 9, 9, 41, 41, 87, 87, 87, 87, 87, 87, 87, 87, 64, 64, 64, 64, 64, 64, 64, 64
DB 64, 64, 64, 64, 64, 64, 64, 64, 64, 64, 64, 64, 64, 64, 64, 64, 87, 87, 87, 87
DB 64, 64, 41, 41, 64, 65, 65, 65, 87, 65, 65, 87, 65, 65, 41, 41, 9, 9, 9, 9
DB 9, 9, 9, 9, 9, 9, 9, 9, 9, 9, 9, 9, 9, 9, 9, 9, 9, 9, 9, 9
DB 9, 9, 9, 9, 9, 9, 9, 9, 9, 9, 9, 9, 9, 9, 9, 9, 9, 9, 9, 9
DB 9, 9, 9, 9, 9, 9, 9, 9, 9, 9, 9, 9, 9, 9, 9, 9, 9, 9, 9, 9
DB 9, 9, 41, 41, 87, 87, 87, 87, 87, 87, 87, 87, 64, 64, 64, 64, 64, 64, 64, 64
DB 64, 64, 64, 64, 64, 64, 64, 64, 64, 64, 64, 64, 64, 64, 87, 87, 87, 87, 87, 87
DB 87, 87, 41, 64, 64, 65, 65, 65, 65, 65, 65, 65, 65, 65, 41, 41, 9, 9, 9, 9
DB 9, 9, 9, 9, 9, 9, 9, 9, 9, 9, 9, 9, 9, 9, 9, 9, 9, 9, 9, 9
DB 9, 9, 9, 9, 9, 9, 9, 9, 9, 9, 9, 9, 9, 9, 9, 9, 9, 9, 9, 9
DB 9, 9, 9, 9, 9, 9, 9, 9, 9, 9, 9, 9, 9, 9, 9, 9, 9, 9, 9, 9
DB 9, 9, 41, 41, 64, 64, 87, 87, 87, 87, 64, 64, 64, 64, 64, 64, 64, 64, 64, 64
DB 64, 64, 64, 64, 64, 64, 64, 64, 64, 64, 64, 64, 64, 64, 87, 87, 87, 87, 87, 87
DB 87, 87, 41, 64, 64, 64, 65, 65, 65, 65, 65, 65, 65, 65, 41, 41, 9, 9, 9, 9
DB 9, 9, 9, 9, 9, 9, 9, 9, 9, 9, 9, 9, 9, 9, 9, 9, 9, 9, 9, 9
DB 9, 9, 9, 9, 9, 9, 9, 9, 9, 9, 9, 9, 9, 9, 9, 9, 9, 9, 9, 9
DB 9, 9, 9, 9, 9, 9, 9, 9, 9, 9, 9, 9, 9, 9, 9, 9, 9, 9, 9, 9
DB 9, 41, 41, 41, 64, 64, 64, 64, 64, 64, 64, 64, 64, 64, 64, 64, 64, 64, 64, 64
DB 64, 64, 64, 64, 64, 64, 64, 64, 64, 64, 64, 64, 64, 64, 64, 64, 87, 87, 87, 87
DB 64, 64, 41, 41, 41, 64, 65, 65, 65, 87, 65, 65, 65, 65, 41, 41, 9, 9, 9, 9
DB 9, 9, 9, 9, 9, 9, 9, 9, 9, 9, 9, 9, 9, 9, 9, 9, 9, 9, 9, 9
DB 9, 9, 9, 9, 9, 9, 9, 9, 9, 9, 9, 9, 9, 9, 9, 9, 9, 9, 9, 9
DB 9, 9, 9, 9, 9, 9, 9, 9, 9, 9, 9, 9, 9, 9, 9, 9, 9, 9, 9, 9
DB 9, 41, 41, 64, 64, 64, 64, 64, 64, 64, 64, 64, 64, 64, 64, 64, 64, 64, 64, 64
DB 64, 64, 64, 64, 64, 64, 64, 64, 64, 64, 64, 64, 64, 64, 64, 64, 64, 64, 41, 41
DB 41, 41, 41, 41, 41, 64, 64, 64, 65, 65, 65, 87, 65, 65, 41, 41, 9, 9, 9, 9
DB 9, 9, 9, 9, 9, 9, 9, 9, 9, 9, 9, 9, 9, 9, 9, 9, 9, 9, 9, 9
DB 9, 9, 9, 9, 9, 9, 9, 9, 9, 9, 9, 9, 9, 9, 9, 9, 9, 9, 9, 9
DB 9, 9, 9, 9, 9, 9, 9, 9, 9, 9, 9, 9, 9, 9, 9, 9, 9, 9, 9, 9
DB 41, 41, 41, 64, 64, 64, 64, 64, 64, 64, 64, 64, 64, 64, 64, 64, 64, 64, 64, 64
DB 64, 64, 64, 64, 64, 64, 64, 64, 64, 64, 64, 64, 64, 64, 64, 64, 64, 64, 64, 41
DB 41, 41, 41, 64, 64, 64, 64, 64, 65, 65, 65, 65, 65, 65, 41, 41, 9, 9, 9, 9
DB 9, 9, 9, 9, 9, 9, 9, 9, 9, 9, 9, 9, 9, 9, 9, 9, 9, 9, 9, 9
DB 125, 125, 125, 125, 125, 125, 125, 125, 125, 125, 125, 125, 125, 9, 9, 9, 9, 9, 9, 9
DB 9, 9, 9, 9, 9, 9, 9, 9, 9, 9, 9, 9, 9, 9, 9, 9, 9, 125, 125, 125
DB 41, 41, 41, 64, 64, 64, 64, 64, 64, 64, 64, 64, 64, 64, 64, 64, 64, 64, 64, 64
DB 64, 64, 64, 64, 64, 64, 64, 64, 64, 64, 64, 64, 64, 64, 64, 64, 64, 64, 64, 41
DB 41, 41, 41, 64, 64, 64, 64, 64, 65, 65, 65, 65, 65, 65, 41, 41, 9, 9, 9, 9
DB 9, 9, 9, 9, 9, 9, 9, 9, 9, 9, 9, 9, 9, 9, 9, 9, 9, 9, 9, 9
DB 125, 125, 125, 125, 125, 125, 125, 125, 125, 125, 125, 125, 125, 9, 9, 9, 9, 9, 9, 9
DB 9, 9, 9, 9, 9, 9, 9, 9, 9, 9, 9, 9, 9, 9, 9, 9, 9, 125, 41, 41
DB 41, 41, 64, 64, 64, 64, 64, 64, 64, 64, 64, 64, 64, 64, 64, 64, 41, 41, 41, 64
DB 64, 64, 64, 64, 64, 64, 64, 64, 64, 64, 41, 41, 64, 64, 64, 64, 64, 64, 64, 64
DB 64, 64, 64, 64, 64, 64, 65, 65, 65, 87, 65, 65, 41, 41, 41, 41, 9, 9, 9, 9
DB 9, 9, 9, 9, 9, 9, 9, 9, 9, 9, 9, 9, 9, 9, 9, 9, 9, 9, 9, 9
DB 125, 125, 125, 125, 125, 125, 125, 125, 125, 125, 125, 125, 125, 125, 125, 125, 125, 125, 125, 125
DB 125, 125, 125, 125, 125, 125, 125, 125, 125, 125, 125, 125, 125, 125, 125, 125, 125, 41, 41, 41
DB 41, 41, 64, 64, 64, 64, 41, 41, 64, 64, 64, 64, 64, 64, 64, 64, 41, 41, 41, 65
DB 64, 64, 64, 64, 64, 64, 64, 64, 64, 64, 41, 41, 41, 64, 64, 64, 64, 64, 64, 64
DB 64, 64, 64, 64, 64, 64, 65, 65, 65, 65, 65, 65, 41, 41, 41, 41, 125, 125, 125, 125
DB 125, 125, 125, 125, 125, 125, 125, 125, 125, 125, 125, 125, 125, 125, 125, 125, 125, 125, 125, 125
DB 125, 125, 125, 125, 125, 125, 125, 125, 125, 125, 125, 125, 125, 125, 125, 125, 125, 125, 125, 125
DB 125, 125, 125, 125, 125, 125, 125, 125, 125, 125, 125, 125, 125, 125, 125, 41, 41, 41, 41, 41
DB 41, 64, 64, 64, 65, 65, 41, 41, 64, 64, 64, 64, 64, 64, 64, 64, 41, 41, 41, 65
DB 65, 64, 64, 64, 64, 64, 64, 64, 64, 64, 41, 41, 41, 64, 64, 64, 64, 64, 64, 64
DB 64, 64, 64, 64, 64, 64, 65, 65, 65, 65, 65, 65, 41, 41, 41, 125, 125, 125, 125, 125
DB 125, 125, 125, 125, 125, 125, 125, 125, 125, 125, 125, 125, 125, 125, 125, 125, 125, 125, 125, 125
DB 125, 125, 125, 125, 125, 125, 125, 125, 125, 125, 125, 125, 125, 125, 125, 125, 125, 125, 125, 125
DB 125, 125, 125, 125, 125, 125, 125, 125, 125, 125, 125, 125, 41, 41, 41, 41, 41, 41, 41, 41
DB 64, 64, 64, 65, 65, 65, 41, 41, 64, 64, 64, 64, 64, 64, 64, 64, 41, 41, 41, 65
DB 65, 65, 64, 64, 64, 64, 64, 64, 64, 64, 64, 41, 41, 41, 64, 64, 64, 64, 64, 64
DB 64, 64, 64, 64, 64, 65, 65, 65, 65, 87, 65, 41, 41, 41, 41, 66, 66, 66, 66, 66
DB 66, 66, 66, 66, 125, 125, 125, 125, 125, 125, 125, 125, 125, 125, 125, 125, 125, 125, 125, 125
DB 125, 125, 125, 125, 125, 125, 125, 125, 125, 125, 125, 125, 125, 125, 125, 125, 125, 125, 125, 125
DB 125, 125, 125, 125, 125, 125, 125, 125, 125, 125, 125, 41, 41, 41, 41, 41, 41, 64, 64, 64
DB 64, 64, 64, 65, 87, 87, 41, 41, 64, 64, 64, 64, 64, 64, 64, 64, 41, 41, 41, 41
DB 65, 65, 64, 64, 64, 64, 64, 64, 64, 64, 64, 64, 41, 41, 64, 64, 64, 64, 64, 64
DB 64, 64, 64, 64, 65, 65, 87, 87, 65, 65, 65, 41, 41, 41, 66, 66, 66, 66, 66, 66
DB 66, 66, 66, 66, 66, 66, 66, 125, 125, 125, 125, 125, 125, 125, 125, 125, 125, 125, 125, 125
DB 125, 125, 125, 125, 125, 125, 125, 125, 125, 125, 125, 125, 125, 125, 125, 125, 125, 125, 125, 125
DB 125, 125, 125, 125, 125, 125, 125, 125, 125, 125, 125, 41, 41, 41, 41, 41, 41, 64, 64, 64
DB 64, 64, 64, 65, 87, 87, 41, 41, 64, 64, 64, 64, 64, 64, 64, 64, 41, 41, 41, 41
DB 65, 65, 64, 64, 64, 64, 64, 64, 64, 64, 64, 64, 41, 41, 64, 64, 64, 64, 64, 64
DB 64, 64, 64, 64, 65, 65, 87, 87, 65, 65, 65, 41, 41, 41, 66, 66, 66, 66, 66, 66
DB 66, 66, 66, 66, 66, 66, 66, 125, 125, 125, 125, 125, 125, 125, 125, 125, 125, 125, 125, 125
DB 125, 125, 125, 125, 125, 125, 125, 125, 125, 125, 125, 125, 125, 125, 125, 125, 125, 125, 125, 125
DB 125, 125, 125, 125, 125, 125, 125, 125, 125, 125, 125, 41, 41, 41, 41, 64, 64, 64, 64, 64
DB 64, 64, 65, 65, 41, 41, 41, 41, 64, 64, 64, 64, 64, 64, 64, 65, 41, 41, 41, 41
DB 87, 65, 65, 65, 64, 64, 64, 64, 64, 64, 64, 64, 64, 41, 41, 41, 41, 64, 64, 64
DB 65, 65, 65, 65, 65, 65, 65, 65, 65, 65, 41, 41, 41, 41, 66, 66, 90, 90, 90, 90
DB 90, 90, 66, 66, 66, 66, 66, 66, 66, 66, 66, 66, 66, 125, 125, 125, 125, 125, 125, 125
DB 125, 125, 125, 125, 125, 125, 125, 125, 125, 125, 125, 125, 125, 125, 125, 125, 125, 125, 66, 66
DB 66, 66, 66, 66, 66, 66, 66, 66, 66, 125, 41, 41, 41, 41, 64, 64, 64, 64, 64, 64
DB 64, 65, 65, 65, 41, 41, 41, 41, 64, 64, 64, 64, 64, 64, 64, 65, 65, 65, 41, 41
DB 87, 65, 65, 65, 64, 64, 64, 64, 64, 64, 64, 64, 64, 64, 41, 41, 41, 65, 65, 65
DB 65, 65, 87, 65, 87, 65, 65, 65, 65, 41, 41, 41, 90, 90, 90, 90, 90, 90, 90, 90
DB 90, 90, 90, 90, 90, 90, 66, 66, 66, 66, 66, 66, 66, 66, 66, 66, 66, 66, 66, 66
DB 66, 66, 66, 66, 125, 125, 125, 125, 125, 125, 125, 125, 125, 66, 66, 66, 66, 66, 66, 66
DB 66, 66, 66, 66, 66, 66, 66, 66, 66, 66, 41, 41, 41, 41, 64, 64, 64, 64, 64, 64
DB 65, 65, 87, 41, 41, 41, 41, 64, 64, 64, 64, 64, 64, 64, 64, 65, 65, 65, 41, 41
DB 41, 65, 65, 65, 64, 64, 64, 64, 64, 64, 64, 64, 64, 64, 64, 64, 41, 41, 41, 65
DB 65, 65, 87, 65, 65, 65, 65, 65, 41, 41, 41, 41, 90, 90, 90, 90, 90, 90, 90, 90
DB 90, 90, 90, 90, 90, 90, 90, 90, 90, 90, 66, 66, 66, 66, 66, 66, 66, 66, 66, 66
DB 66, 66, 66, 66, 66, 125, 125, 125, 125, 125, 125, 125, 66, 66, 66, 66, 66, 66, 66, 66
DB 90, 90, 90, 90, 90, 90, 66, 66, 66, 66, 41, 41, 64, 64, 64, 64, 64, 64, 65, 65
DB 65, 87, 41, 41, 41, 41, 64, 64, 64, 64, 64, 64, 64, 64, 64, 65, 65, 65, 41, 41
DB 41, 87, 65, 65, 65, 64, 64, 64, 64, 64, 64, 64, 64, 64, 64, 64, 64, 41, 41, 41
DB 65, 65, 41, 41, 41, 41, 41, 41, 41, 41, 41, 90, 90, 90, 90, 90, 90, 90, 90, 90
DB 90, 90, 90, 90, 90, 90, 90, 90, 90, 90, 90, 90, 90, 90, 90, 90, 90, 90, 90, 90
DB 90, 66, 66, 66, 66, 66, 66, 66, 66, 66, 66, 66, 66, 66, 66, 66, 90, 90, 90, 90
DB 90, 90, 90, 90, 90, 90, 90, 90, 90, 90, 41, 41, 41, 41, 64, 64, 64, 65, 65, 65
DB 65, 41, 41, 41, 41, 41, 64, 64, 64, 64, 64, 64, 64, 64, 65, 65, 87, 87, 41, 41
DB 41, 41, 65, 65, 65, 65, 64, 64, 64, 64, 64, 64, 64, 64, 64, 64, 64, 64, 41, 41
DB 41, 41, 41, 41, 41, 41, 41, 41, 41, 41, 90, 90, 90, 90, 90, 90, 90, 90, 90, 90
DB 90, 90, 90, 90, 90, 90, 90, 90, 90, 90, 90, 90, 90, 90, 90, 90, 90, 90, 90, 90
DB 90, 66, 66, 66, 66, 66, 66, 66, 66, 66, 66, 66, 66, 66, 66, 66, 90, 90, 90, 90
DB 90, 90, 90, 90, 90, 90, 90, 90, 90, 90, 41, 41, 41, 41, 64, 64, 64, 65, 65, 65
DB 65, 41, 41, 41, 41, 41, 64, 64, 64, 64, 64, 64, 64, 64, 65, 65, 87, 87, 41, 41
DB 41, 41, 65, 65, 65, 65, 64, 64, 64, 64, 64, 64, 64, 64, 64, 64, 64, 64, 41, 41
DB 41, 41, 41, 41, 41, 41, 41, 41, 41, 41, 90, 90, 90, 90, 90, 90, 90, 90, 90, 90
DB 90, 90, 90, 90, 90, 90, 90, 90, 90, 90, 90, 90, 90, 90, 90, 90, 90, 90, 90, 90
DB 90, 90, 66, 66, 66, 66, 66, 66, 66, 66, 66, 66, 66, 66, 90, 90, 90, 90, 90, 90
DB 90, 90, 90, 90, 90, 90, 90, 90, 90, 90, 41, 41, 41, 41, 64, 65, 65, 65, 87, 87
DB 87, 41, 41, 41, 64, 64, 64, 64, 64, 64, 64, 64, 64, 65, 65, 65, 41, 41, 41, 41
DB 41, 41, 41, 41, 65, 65, 65, 64, 64, 64, 64, 64, 64, 64, 64, 64, 64, 64, 64, 41
DB 41, 41, 41, 41, 90, 90, 90, 90, 90, 90, 90, 90, 90, 90, 90, 90, 90, 90, 90, 90
DB 90, 90, 90, 90, 90, 90, 90, 90, 90, 90, 90, 90, 90, 90, 90, 90, 90, 90, 90, 90
DB 90, 90, 90, 90, 90, 90, 90, 90, 90, 90, 90, 90, 90, 90, 90, 90, 90, 90, 90, 90
DB 90, 90, 90, 90, 90, 90, 90, 90, 90, 90, 90, 41, 41, 41, 41, 41, 41, 41, 41, 41
DB 41, 41, 41, 64, 64, 64, 64, 64, 64, 64, 64, 64, 64, 65, 65, 65, 41, 41, 41, 41
DB 41, 41, 41, 41, 87, 65, 65, 65, 65, 65, 64, 64, 64, 64, 64, 64, 64, 64, 41, 41
DB 41, 41, 90, 90, 90, 90, 90, 90, 90, 90, 90, 90, 90, 90, 90, 90, 90, 90, 90, 90
DB 90, 90, 90, 90, 90, 90, 90, 90, 90, 90, 90, 90, 90, 90, 90, 90, 90, 90, 90, 90
DB 90, 90, 90, 90, 90, 90, 90, 90, 90, 90, 90, 90, 90, 90, 90, 90, 90, 90, 90, 90
DB 90, 90, 90, 90, 90, 90, 90, 90, 90, 90, 90, 90, 41, 41, 41, 41, 41, 41, 41, 41
DB 41, 41, 41, 64, 64, 64, 64, 64, 64, 64, 64, 64, 65, 65, 65, 87, 41, 41, 41, 66
DB 66, 41, 41, 41, 41, 41, 65, 65, 65, 65, 65, 64, 64, 64, 64, 64, 64, 64, 41, 41
DB 90, 90, 90, 90, 90, 90, 90, 90, 90, 90, 90, 90, 90, 90, 90, 90, 90, 90, 90, 90
DB 90, 90, 90, 90, 90, 90, 90, 90, 90, 90, 90, 90, 90, 90, 90, 90, 90, 90, 90, 90
DB 90, 90, 90, 90, 90, 90, 90, 90, 90, 90, 90, 90, 90, 90, 90, 90, 90, 90, 90, 90
DB 90, 90, 90, 90, 90, 65, 90, 90, 90, 90, 90, 90, 90, 90, 90, 90, 90, 90, 90, 90
DB 41, 41, 64, 64, 64, 64, 64, 64, 64, 64, 65, 65, 65, 65, 65, 41, 41, 41, 41, 90
DB 90, 90, 41, 41, 41, 41, 41, 87, 65, 65, 65, 65, 64, 64, 64, 64, 64, 64, 41, 41
DB 90, 90, 90, 90, 90, 90, 90, 90, 90, 90, 90, 90, 90, 90, 90, 90, 90, 90, 90, 90
DB 90, 90, 65, 90, 90, 90, 90, 90, 90, 90, 90, 90, 90, 90, 90, 90, 90, 90, 90, 90
DB 90, 90, 90, 90, 90, 90, 90, 90, 90, 90, 90, 90, 90, 90, 90, 90, 90, 90, 90, 90
DB 90, 90, 90, 90, 90, 90, 90, 90, 90, 90, 90, 90, 90, 90, 90, 90, 90, 90, 90, 90
DB 41, 41, 64, 64, 64, 64, 64, 64, 64, 65, 65, 65, 65, 65, 41, 41, 41, 41, 90, 90
DB 90, 90, 90, 90, 41, 41, 41, 41, 87, 87, 87, 65, 65, 64, 64, 64, 64, 41, 41, 41
DB 90, 90, 90, 90, 90, 90, 90, 90, 90, 90, 90, 90, 90, 90, 90, 90, 90, 90, 90, 90
DB 90, 90, 90, 90, 90, 90, 90, 90, 90, 90, 90, 90, 90, 90, 90, 90, 90, 90, 90, 90
DB 90, 90, 90, 90, 90, 90, 90, 90, 90, 90, 90, 90, 90, 90, 90, 90, 90, 90, 90, 90
DB 90, 90, 90, 90, 90, 90, 90, 90, 90, 90, 90, 90, 90, 90, 90, 90, 90, 90, 90, 90
DB 41, 41, 64, 64, 64, 64, 64, 64, 64, 65, 65, 65, 65, 65, 41, 41, 41, 41, 90, 90
DB 90, 90, 90, 90, 41, 41, 41, 41, 87, 87, 87, 65, 65, 64, 64, 64, 64, 41, 41, 41
DB 90, 90, 90, 90, 90, 90, 90, 90, 90, 90, 90, 90, 90, 90, 90, 90, 90, 90, 90, 90
DB 90, 90, 90, 90, 90, 90, 90, 90, 90, 90, 90, 90, 90, 90, 90, 90, 90, 90, 90, 90
DB 90, 90, 90, 90, 90, 90, 65, 90, 90, 90, 90, 90, 90, 90, 90, 90, 90, 90, 90, 90
DB 90, 90, 90, 90, 90, 90, 90, 90, 90, 90, 90, 90, 90, 90, 90, 90, 90, 90, 90, 90
DB 41, 41, 64, 64, 64, 64, 64, 64, 65, 65, 65, 65, 65, 87, 41, 41, 41, 41, 90, 90
DB 90, 90, 90, 90, 90, 41, 41, 41, 41, 41, 41, 41, 41, 41, 41, 41, 41, 41, 41, 90
DB 90, 90, 90, 90, 90, 90, 90, 90, 90, 90, 90, 90, 90, 90, 90, 90, 90, 90, 90, 90
DB 90, 90, 90, 90, 90, 90, 90, 90, 90, 90, 90, 90, 90, 90, 90, 90, 90, 90, 90, 90
DB 90, 90, 90, 90, 90, 90, 90, 90, 90, 90, 90, 90, 90, 90, 90, 90, 90, 90, 90, 90
DB 90, 90, 90, 90, 90, 90, 90, 90, 90, 90, 90, 90, 90, 90, 90, 90, 90, 90, 90, 90
DB 41, 41, 41, 64, 64, 64, 64, 65, 65, 87, 87, 87, 41, 41, 41, 41, 90, 90, 90, 90
DB 90, 90, 90, 90, 90, 90, 90, 41, 41, 41, 41, 41, 41, 41, 41, 41, 41, 41, 41, 90
DB 90, 90, 90, 90, 90, 90, 90, 90, 90, 90, 90, 90, 90, 90, 90, 90, 90, 90, 90, 90
DB 90, 90, 90, 90, 90, 90, 90, 90, 90, 90, 90, 90, 90, 90, 90, 90, 90, 90, 90, 90
DB 90, 90, 90, 90, 90, 90, 90, 90, 90, 90, 90, 90, 90, 90, 90, 90, 90, 90, 90, 90
DB 90, 90, 90, 90, 90, 90, 90, 90, 90, 90, 90, 90, 90, 90, 90, 90, 90, 90, 90, 90
DB 41, 41, 41, 41, 41, 41, 41, 41, 41, 41, 41, 41, 41, 41, 41, 90, 90, 90, 90, 90
DB 90, 90, 90, 90, 90, 90, 90, 90, 90, 90, 90, 90, 90, 90, 90, 90, 90, 90, 90, 90
DB 90, 90, 90, 90, 90, 90, 90, 90, 90, 90, 90, 90, 90, 90, 90, 90, 90, 90, 90, 90
DB 90, 90, 90, 90, 90, 90, 90, 90, 90, 90, 90, 90, 90, 90, 90, 90, 90, 90, 90, 90
DB 90, 90, 90, 90, 90, 90, 90, 90, 90, 90, 90, 90, 90, 90, 90, 90, 90, 90, 90, 90
DB 90, 90, 90, 90, 90, 90, 90, 90, 90, 90, 90, 90, 90, 90, 90, 90, 90, 90, 90, 90
DB 90, 41, 41, 41, 41, 41, 41, 41, 41, 41, 41, 41, 41, 41, 90, 90, 90, 90, 90, 90
DB 90, 90, 90, 90, 90, 90, 90, 90, 90, 90, 90, 90, 90, 90, 90, 90, 90, 90, 90, 90
DB 90, 90, 90, 90, 90, 90, 90, 90, 90, 90, 90, 90, 90, 90, 90, 90, 90, 90, 90, 90
DB 90, 90, 90, 90, 90, 90, 90, 90, 90, 90, 90, 90, 90, 90, 90, 90, 90, 90, 90, 90
DB 90, 90, 90, 90, 90, 90, 90, 90, 90, 90, 90, 90, 90, 90, 90, 90, 90, 90, 90, 90
DB 90, 90, 90, 90, 90, 90, 90, 90, 90, 90, 90, 90, 90, 90, 90, 90, 90, 90, 90, 90
DB 90, 90, 90, 90, 90, 90, 90, 90, 90, 90, 90, 90, 90, 90, 90, 90, 90, 90, 90, 90
DB 90, 90, 90, 90, 90, 90, 90, 90, 90, 90, 90, 90, 90, 90, 65, 65, 90, 90, 90, 90
DB 90, 90, 90, 90, 90, 90, 90, 90, 90, 90, 90, 90, 90, 90, 90, 90, 90, 90, 90, 90
DB 90, 90, 90, 90, 90, 90, 90, 90, 90, 90, 90, 90, 90, 90, 90, 90, 90, 90, 90, 90
DB 90, 90, 90, 90, 90, 90, 90, 90, 90, 90, 90, 90, 90, 90, 90, 90, 90, 90, 90, 90
DB 90, 90, 90, 90, 90, 90, 90, 90, 90, 90, 90, 90, 90, 90, 90, 90, 90, 90, 90, 90
DB 90, 90, 90, 90, 90, 90, 90, 90, 90, 90, 90, 90, 90, 90, 90, 90, 90, 90, 90, 90
DB 90, 90, 90, 90, 90, 90, 90, 90, 90, 90, 90, 90, 90, 90, 65, 65, 90, 90, 90, 90
DB 90, 90, 90, 90, 90, 90, 90, 90, 90, 90, 90, 90, 90, 90, 90, 90, 90, 90, 90, 90
DB 90, 90, 90, 90, 90, 90, 90, 90, 90, 90, 90, 90, 90, 90, 90, 90, 90, 90, 90, 90
DB 90, 90, 90, 90, 90, 90, 90, 90, 90, 90, 90, 90, 90, 90, 90, 90, 90, 90, 90, 90
DB 90, 90, 90, 90, 90, 90, 90, 90, 90, 90, 90, 90, 90, 90, 90, 90, 90, 90, 90, 90
DB 90, 90, 90, 90, 90, 90, 90, 90, 90, 90, 90, 90, 90, 90, 90, 90, 90, 90, 90, 90
DB 90, 90, 90, 90, 90, 90, 90, 90, 90, 90, 90, 90, 90, 90, 90, 90, 90, 90, 90, 90
DB 90, 90, 90, 90, 90, 90, 90, 90, 90, 90, 90, 90, 90, 90, 90, 65, 90, 90, 90, 90
DB 90, 90, 90, 90, 90, 90, 90, 90, 90, 90, 90, 90, 90, 90, 90, 90, 90, 90, 90, 90
DB 90, 90, 90, 90, 90, 90, 90, 90, 90, 90, 90, 90, 90, 90, 90, 90, 90, 90, 90, 90
DB 90, 90, 90, 90, 90, 90, 90, 90, 90, 90, 90, 90, 90, 90, 90, 90, 90, 90, 90, 90
DB 90, 90, 90, 90, 90, 90, 90, 90, 90, 90, 90, 90, 90, 90, 90, 90, 90, 90, 90, 90
DB 90, 90, 90, 90, 90, 90, 90, 90, 90, 90, 90, 90, 90, 90, 90, 90, 90, 90, 90, 90
DB 90, 90, 90, 90, 90, 90, 90, 90, 90, 90, 90, 90, 90, 90, 90, 90, 90, 90, 90, 90
DB 90, 90, 90, 90, 90, 90, 90, 90, 90, 90, 90, 90, 90, 90, 90, 90, 90, 90, 90, 90
DB 90, 90, 90, 90, 90, 90, 90, 90, 90, 90, 90, 90, 90, 90, 90, 90, 90, 90, 90, 90
DB 90, 90, 90, 90, 90, 90, 90, 90, 90, 90, 90, 90, 90, 90, 90, 90, 90, 90, 90, 90
DB 90, 90, 90, 90, 90, 90, 90, 90, 90, 90, 90, 90, 90, 90, 90, 90, 90, 90, 90, 90
DB 90, 90, 90, 90, 90, 90, 90, 90, 90, 90, 90, 90, 90, 90, 90, 90, 90, 90, 90, 90
DB 90, 90, 90, 90, 90, 90, 90, 90, 90, 90, 90, 90, 90, 90, 90, 90, 90, 90, 90, 90
DB 90, 90, 90, 90, 90, 90, 90, 90, 90, 90, 90, 90, 90, 90, 90, 90, 90, 90, 90, 90
DB 90, 90, 90, 90, 90, 90, 90, 90, 90, 90, 90, 90, 90, 90, 90, 90, 90, 90, 90, 90
DB 90, 90, 90, 90, 90, 90, 90, 90, 90, 90, 90, 90, 90, 90, 90, 90, 90, 90, 90, 90
DB 90, 90, 90, 90, 90, 90, 90, 90, 90, 90, 90, 90, 90, 90, 90, 90, 90, 90, 90, 90
DB 90, 90, 90, 90, 90, 90, 90, 90, 90, 90, 90, 90, 90, 90, 90, 90, 90, 90, 90, 90
DB 90, 90, 90, 90, 90, 90, 90, 90, 90, 90, 90, 90, 90, 90, 90, 90, 90, 90, 90, 90
DB 90, 90, 90, 90, 90, 90, 90, 90, 90, 90, 90, 90, 90, 90, 90, 90, 90, 90, 90, 90
DB 90, 90, 90, 90, 90, 90, 90, 90, 90, 90, 90, 90, 90, 90, 90, 90, 90, 90, 90, 90
DB 90, 90, 90, 65, 90, 90, 90, 90, 90, 90, 90, 90, 90, 90, 90, 90, 90, 90, 90, 90
DB 90, 90, 90, 90, 90, 90, 90, 90, 90, 90, 90, 90, 90, 90, 90, 90, 90, 90, 90, 90
DB 90, 90, 90, 90, 90, 90, 90, 90, 90, 90, 90, 90, 90, 90, 90, 90, 90, 90, 90, 90
DB 90, 90, 90, 90, 90, 90, 90, 90, 90, 90, 90, 90, 90, 90, 90, 90, 90, 90, 90, 90
DB 90, 90, 90, 90, 90, 90, 90, 90, 90, 90, 90, 90, 90, 90, 90, 90, 90, 90, 90, 90
DB 90, 90, 90, 90, 90, 90, 90, 90, 90, 90, 90, 90, 90, 90, 90, 90, 90, 90, 90, 90
DB 90, 90, 90, 65, 90, 90, 90, 90, 90, 90, 90, 90, 90, 90, 90, 90, 90, 90, 90, 90
DB 90, 90, 90, 90, 90, 90, 90, 90, 90, 90, 90, 90, 90, 90, 90, 90, 90, 90, 90, 90
DB 90, 90, 90, 90, 90, 90, 90, 90, 90, 90, 90, 90, 90, 90, 90, 90, 90, 90, 90, 90
DB 90, 90, 90, 90, 90, 90, 90, 90, 90, 90, 90, 90, 90, 90, 90, 90, 90, 90, 90, 90
DB 90, 90, 90, 90, 90, 90, 90, 90, 90, 90, 90, 90, 90, 90, 90, 90, 90, 90, 90, 90
DB 90, 90, 90, 90, 90, 90, 90, 90, 90, 90, 90, 90, 90, 90, 90, 90, 90, 90, 90, 90
DB 90, 90, 90, 90, 90, 90, 90, 90, 90, 90, 90, 90, 90, 90, 90, 90, 90, 90, 90, 90
DB 90, 90, 90, 90, 90, 90, 90, 90, 90, 90, 90, 90, 90, 90, 90, 90, 90, 90, 90, 90
DB 90, 90, 90, 90, 90, 90, 90, 90, 90, 90, 90, 90, 90, 90, 90, 90, 90, 90, 90, 90
DB 90, 90, 90, 90, 90, 90, 90, 90, 90, 90, 90, 90, 90, 90, 90, 90, 90, 90, 90, 90
DB 90, 90, 90, 90, 90, 90, 90, 90, 90, 90, 90, 90, 90, 90, 90, 90, 90, 90, 90, 90
DB 90, 90, 90, 90, 90, 90, 90, 90, 90, 90, 90, 90, 90, 90, 90, 90, 90, 90, 90, 90
DB 90, 90, 90, 90, 90, 90, 90, 90, 90, 90, 90, 90, 90, 90, 90, 90, 90, 90, 90, 90
DB 90, 90, 90, 90, 90, 90, 90, 90, 90, 90, 90, 90, 90, 90, 90, 90, 90, 90, 90, 90
DB 90, 90, 90, 90, 90, 90, 90, 90, 90, 90, 90, 90, 90, 90, 90, 90, 90, 90, 90, 90
DB 90, 90, 90, 90, 90, 65, 90, 90, 90, 90, 90, 90, 90, 90, 90, 90, 90, 90, 90, 90
DB 90, 90, 90, 90, 90, 90, 90, 90, 90, 90, 90, 90, 90, 90, 90, 90, 90, 90, 90, 90
DB 90, 90, 90, 90, 90, 90, 90, 90, 90, 90, 90, 90, 90, 90, 90, 90, 90, 90, 90, 90
DB 90, 90, 90, 90, 90, 90, 90, 90, 90, 90, 90, 90, 90, 90, 90, 90, 90, 90, 90, 90
DB 90, 90, 90, 90, 90, 90, 90, 90, 90, 90, 90, 90, 90, 90, 90, 90, 90, 90, 90, 90
DB 90, 90, 90, 90, 90, 90, 90, 90, 90, 90, 90, 90, 90, 90, 90, 90, 90, 90, 90, 90
DB 90, 90, 90, 90, 90, 90, 90, 90, 90, 90, 90, 90, 90, 90, 90, 90, 90, 90, 90, 90
DB 90, 90, 90, 90, 90, 90, 90, 90, 90, 90, 90, 90, 90, 90, 90, 90, 90, 90, 90, 90
DB 90, 90, 90, 90, 90, 90, 90, 90, 90, 90, 90, 90, 90, 90, 90, 90, 90, 90, 90, 90
DB 90, 90, 90, 90, 90, 90, 90, 90, 90, 90, 90, 90, 90, 90, 90, 90, 90, 90, 90, 90
DB 90, 90, 90, 90, 90, 90, 90, 90, 90, 90, 90, 90, 90, 90, 90, 90, 90, 90, 90, 90
DB 90, 90, 90, 90, 65, 90, 90, 90, 90, 90, 90, 90, 90, 90, 90, 90, 90, 90, 90, 90
DB 90, 90, 90, 90, 90, 90, 90, 90, 90, 90, 90, 90, 90, 90, 90, 90, 90, 90, 90, 90
DB 90, 90, 90, 90, 90, 90, 90, 90, 90, 90, 90, 90, 90, 90, 90, 90, 90, 90, 90, 90
DB 90, 90, 90, 90, 90, 90, 90, 90, 90, 90, 90, 90, 90, 90, 90, 90, 90, 90, 90, 90
DB 90, 90, 90, 90, 90, 90, 90, 90, 90, 90, 90, 90, 90, 90, 90, 90, 90, 90, 90, 90
DB 90, 90, 90, 90, 90, 90, 90, 90, 90, 90, 90, 90, 90, 90, 90, 90, 90, 90, 90, 90
DB 90, 90, 90, 90, 90, 90, 90, 90, 90, 90, 90, 90, 90, 90, 90, 90, 90, 90, 90, 90
DB 90, 90, 90, 90, 90, 90, 90, 90, 90, 90, 90, 90, 90, 90, 90, 90, 90, 90, 90, 90
DB 90, 90, 90, 90, 90, 90, 90, 90, 90, 90, 90, 90, 90, 90, 90, 90, 90, 90, 90, 90
DB 90, 90, 90, 90, 90, 90, 90, 90, 90, 90, 90, 90, 90, 90, 90, 90, 90, 90, 90, 90
DB 90, 90, 90, 90, 90, 90, 90, 90, 90, 90, 90, 90, 90, 90, 90, 90, 90, 90, 90, 90
DB 90, 90, 90, 90, 90, 90, 90, 90, 90, 90, 90, 90, 90, 90, 90, 90, 90, 90, 90, 90
DB 90, 90, 90, 90, 90, 90, 90, 90, 90, 90, 90, 90, 90, 90, 90, 90, 90, 90, 90, 90
DB 90, 90, 90, 90, 90, 90, 90, 90, 90, 90, 90, 90, 90, 90, 90, 90, 90, 90, 90, 90
DB 90, 90, 90, 90, 90, 90, 90, 90, 90, 90, 90, 90, 90, 90, 90, 90, 90, 90, 90, 90
DB 90, 90, 90, 90, 90, 90, 90, 90, 90, 90, 65, 90, 90, 90, 90, 90, 90, 90, 90, 90
DB 90, 90, 90, 90, 90, 90, 90, 90, 90, 90, 90, 90, 90, 90, 90, 90, 90, 90, 90, 90
DB 90, 90, 90, 65, 90, 90, 90, 90, 90, 90, 90, 90, 90, 90, 90, 90, 90, 90, 90, 90
DB 90, 90, 90, 90, 90, 90, 90, 90, 90, 90, 90, 90, 90, 90, 90, 90, 90, 90, 90, 90
DB 90, 90, 90, 90, 90, 90, 90, 90, 90, 90, 90, 90, 90, 90, 90, 90, 90, 90, 90, 90
DB 90, 90, 90, 90, 65, 65, 90, 90, 90, 90, 90, 90, 90, 90, 90, 90, 90, 90, 90, 90
DB 90, 90, 90, 90, 90, 90, 90, 90, 90, 90, 90, 90, 90, 90, 90, 90, 90, 90, 90, 90
DB 90, 90, 90, 90, 90, 90, 90, 90, 90, 90, 90, 90, 90, 90, 90, 90, 90, 90, 90, 90
DB 90, 90, 90, 90, 90, 90, 90, 90, 90, 90, 90, 90, 90, 90, 90, 90, 90, 90, 90, 90
DB 90, 90, 90, 90, 90, 90, 90, 90, 90, 90, 90, 90, 90, 90, 90, 90, 90, 90, 90, 90
DB 90, 90, 90, 90, 90, 90, 90, 90, 90, 90, 90, 90, 90, 90, 90, 90, 90, 90, 90, 90
DB 90, 90, 90, 90, 90, 90, 90, 90, 90, 90, 90, 90, 90, 90, 90, 90, 90, 90, 90, 90
DB 90, 90, 90, 90, 90, 90, 90, 90, 90, 90, 90, 90, 90, 90, 90, 90, 90, 90, 90, 90
DB 90, 90, 90, 90, 90, 90, 90, 90, 90, 90, 90, 90, 90, 90, 90, 90, 90, 90, 90, 90
DB 90, 90, 90, 90, 90, 90, 90, 90, 90, 90, 90, 90, 90, 90, 90, 90, 90, 90, 90, 90
DB 90, 90, 90, 90, 90, 90, 90, 90, 90, 90, 90, 90, 90, 90, 90, 90, 90, 90, 90, 90
DB 90, 90, 90, 90, 90, 90, 90, 90, 90, 90, 90, 90, 90, 90, 90, 90, 90, 90, 90, 90
DB 90, 90, 90, 90, 90, 90, 90, 90, 90, 90, 90, 90, 90, 90, 90, 90, 90, 90, 90, 90
DB 90, 90, 90, 90, 90, 90, 90, 90, 90, 90, 90, 90, 90, 90, 90, 90, 90, 90, 90, 90
DB 90, 90, 90, 90, 90, 90, 90, 90, 90, 90, 90, 90, 90, 90, 90, 90, 90, 90, 90, 90
DB 90, 90, 90, 90, 90, 90, 90, 90, 90, 90, 90, 90, 90, 90, 90, 90, 90, 90, 90, 90
DB 90, 90, 90, 90, 90, 90, 90, 90, 90, 90, 90, 90, 90, 90, 90, 90, 90, 90, 90, 90
DB 90, 90, 90, 90, 90, 90, 90, 90, 90, 90, 90, 90, 90, 90, 90, 90, 90, 90, 90, 90
DB 90, 90, 90, 90, 90, 90, 90, 90, 90, 90, 90, 90, 90, 90, 90, 90, 90, 90, 90, 90
DB 90, 90, 90, 90, 90, 90, 90, 90, 90, 90, 90, 90, 90, 90, 90, 90, 90, 90, 90, 90
DB 90, 90, 90, 90, 90, 90, 90, 90, 90, 90, 90, 90, 90, 90, 90, 90, 90, 90, 90, 90
DB 90, 90, 90, 90, 90, 90, 90, 90, 90, 90, 90, 90, 90, 90, 90, 90, 90, 90, 90, 90
DB 90, 90, 90, 90, 90, 90, 90, 90, 90, 90, 90, 90, 90, 90, 90, 90, 90, 90, 90, 90
DB 90, 90, 90, 90, 90, 90, 90, 90, 90, 90, 90, 90, 90, 90, 90, 90, 90, 90, 90, 90
DB 90, 90, 90, 90, 90, 90, 90, 90, 90, 90, 90, 90, 90, 90, 90, 90, 90, 90, 90, 90
DB 90, 90, 90, 90, 90, 90, 90, 90, 90, 90, 90, 90, 90, 90, 90, 90, 90, 90, 90, 90
DB 90, 90, 90, 90, 90, 90, 90, 90, 90, 90, 90, 90, 90, 90, 90, 90, 90, 90, 90, 90
DB 90, 90, 90, 90, 90, 90, 90, 90, 90, 90, 90, 90, 90, 90, 90, 90, 90, 90, 90, 90
DB 90, 90, 90, 90, 90, 90, 90, 90, 90, 90, 90, 90, 90, 90, 90, 90, 90, 90, 90, 90
DB 90, 90, 90, 90, 90, 90, 90, 90, 90, 90, 90, 90, 90, 90, 90, 90, 90, 90, 90, 90
DB 90, 90, 90, 90, 90, 90, 90, 90, 90, 90, 90, 90, 90, 90, 90, 90, 90, 90, 90, 90
DB 90, 90, 90, 90, 90, 90, 90, 90, 90, 90, 90, 90, 90, 90, 90, 90, 90, 90, 90, 90
DB 90, 90, 90, 90, 90, 90, 90, 90, 90, 90, 90, 90, 90, 90, 90, 90, 90, 90, 90, 90
DB 90, 90, 90, 90, 90, 90, 90, 90, 90, 90, 90, 90, 90, 90, 90, 90, 90, 90, 90, 90
DB 90, 90, 90, 90, 90, 90, 90, 90, 90, 90, 90, 90, 90, 90, 90, 90, 90, 90, 90, 90
DB 90, 90, 90, 90, 90, 90, 90, 90, 90, 90, 90, 90, 90, 90, 90, 90, 90, 90, 90, 90
DB 90, 90, 90, 90, 90, 90, 90, 90, 90, 90, 90, 90, 90, 90, 90, 90, 90, 90, 90, 90
DB 90, 90, 90, 90, 90, 90, 90, 90, 90, 90, 90, 90, 90, 90, 90, 90, 90, 90, 90, 90
DB 90, 90, 90, 90, 90, 90, 90, 90, 90, 90, 90, 90, 90, 90, 90, 90, 90, 90, 90, 90
DB 90, 90, 90, 90, 90, 90, 90, 90, 90, 90, 90, 90, 90, 90, 90, 90, 90, 90, 90, 90
DB 90, 90, 90, 90, 90, 90, 90, 90, 90, 90, 90, 90, 90, 90, 90, 90, 90, 90, 90, 90
DB 90, 90, 90, 90, 90, 90, 90, 90, 90, 90, 90, 90, 90, 90, 90, 90, 90, 90, 90, 90
DB 90, 90, 90, 90, 90, 90, 90, 90, 90, 90, 90, 90, 90, 90, 90, 90, 90, 90, 90, 90