DB 0, 0, 17, 18, 205, 204, 204, 204, 206, 18, 0, 0, 0, 0, 0, 0, 0, 17, 18, 205
DB 204, 204, 204, 206, 18, 0, 0, 0, 0, 0, 0, 0, 0, 0, 0, 0, 0, 17, 18, 205
DB 204, 204, 204, 204, 204, 204, 204, 204, 204, 204, 205, 18, 0, 0, 17, 18, 205, 204, 204, 204
DB 204, 204, 204, 204, 204, 204, 204, 204, 204, 204, 206, 17, 0, 0, 0, 0, 0, 0, 0, 0
DB 17, 205, 204, 204, 204, 204, 204, 204, 204, 204, 204, 204, 204, 206, 18, 17, 0, 0, 0, 0
DB 0, 0, 0, 0, 0, 0, 18, 204, 204, 204, 204, 204, 204, 204, 204, 205, 0, 0, 0, 0
DB 0, 0, 204, 204, 204, 204, 204, 204, 204, 204, 205, 0, 0, 0, 0, 0, 0, 0, 0, 0
DB 18, 204, 204, 204, 204, 204, 204, 204, 204, 204, 204, 204, 204, 204, 204, 204, 204, 18, 18, 204
DB 204, 204, 204, 204, 204, 204, 204, 204, 204, 204, 204, 204, 204, 204, 204, 204, 204, 204, 205, 17
DB 0, 0, 0, 0, 18, 204, 204, 204, 204, 204, 204, 204, 204, 204, 204, 204, 204, 204, 204, 204
DB 204, 204, 181, 0, 0, 0, 0, 0, 0, 0, 17, 204, 204, 204, 204, 204, 204, 204, 204, 204
DB 204, 0, 0, 0, 0, 0, 17, 204, 204, 204, 204, 204, 204, 204, 204, 204, 205, 0, 0, 0
DB 0, 0, 0, 0, 181, 204, 204, 204, 204, 204, 204, 204, 204, 204, 204, 204, 204, 204, 204, 204
DB 204, 204, 204, 204, 204, 204, 204, 204, 204, 204, 204, 204, 204, 204, 204, 204, 204, 204, 204, 204
DB 204, 204, 204, 204, 204, 0, 0, 0, 17, 204, 204, 204, 204, 204, 204, 204, 204, 204, 204, 204
DB 204, 204, 204, 204, 204, 204, 204, 204, 205, 17, 0, 0, 0, 0, 0, 205, 204, 204, 204, 204
DB 204, 204, 204, 204, 204, 204, 17, 0, 0, 0, 0, 205, 204, 204, 204, 204, 204, 204, 204, 204
DB 204, 204, 17, 0, 0, 0, 0, 17, 205, 204, 204, 204, 204, 204, 204, 204, 204, 204, 204, 204
DB 204, 204, 204, 204, 204, 204, 204, 204, 204, 204, 204, 204, 204, 204, 204, 204, 204, 204, 204, 204
DB 204, 204, 204, 204, 204, 204, 204, 204, 204, 204, 205, 0, 0, 205, 204, 204, 204, 204, 204, 204
DB 204, 204, 204, 204, 204, 204, 204, 204, 204, 204, 204, 204, 204, 204, 204, 18, 0, 0, 0, 0
DB 204, 204, 204, 134, 5, 37, 37, 37, 132, 204, 204, 181, 0, 0, 0, 0, 204, 204, 134, 5
DB 37, 37, 37, 132, 204, 204, 204, 181, 0, 0, 0, 17, 205, 204, 204, 204, 204, 133, 132, 5
DB 37, 37, 37, 37, 37, 37, 37, 37, 37, 37, 5, 134, 204, 204, 204, 134, 5, 37, 37, 37
DB 37, 37, 37, 37, 37, 37, 37, 37, 37, 37, 5, 132, 204, 204, 204, 204, 205, 0, 204, 204
DB 204, 5, 37, 37, 37, 37, 37, 37, 37, 37, 37, 37, 37, 5, 132, 133, 204, 204, 204, 204
DB 204, 206, 0, 0, 0, 204, 204, 204, 132, 37, 37, 37, 37, 37, 204, 204, 204, 0, 0, 0
DB 17, 204, 204, 132, 37, 37, 37, 37, 37, 204, 204, 204, 204, 0, 0, 0, 205, 204, 204, 204
DB 133, 5, 37, 37, 37, 37, 37, 37, 37, 37, 37, 37, 37, 37, 37, 37, 132, 204, 204, 204
DB 132, 37, 37, 37, 37, 37, 37, 37, 37, 37, 37, 37, 37, 37, 37, 37, 37, 37, 132, 204
DB 204, 204, 206, 204, 204, 204, 37, 37, 37, 37, 37, 37, 37, 37, 37, 37, 37, 37, 37, 37
DB 37, 37, 132, 204, 204, 204, 204, 206, 0, 0, 204, 204, 204, 132, 62, 62, 62, 62, 62, 204
DB 204, 204, 0, 0, 0, 18, 204, 204, 132, 62, 62, 62, 62, 62, 204, 204, 204, 204, 0, 0
DB 18, 204, 204, 204, 204, 62, 62, 62, 62, 62, 62, 62, 62, 62, 62, 62, 62, 62, 62, 62
DB 37, 132, 204, 204, 204, 132, 62, 62, 62, 62, 62, 62, 62, 62, 62, 62, 62, 62, 62, 62
DB 62, 62, 62, 62, 132, 204, 204, 204, 204, 204, 204, 62, 62, 62, 62, 62, 62, 62, 62, 62
DB 62, 62, 62, 62, 62, 62, 62, 62, 133, 204, 204, 204, 204, 18, 0, 204, 204, 204, 132, 62
DB 62, 62, 62, 62, 204, 204, 204, 0, 0, 0, 18, 204, 204, 132, 62, 62, 62, 62, 62, 204
DB 204, 204, 204, 0, 0, 204, 204, 204, 204, 132, 62, 62, 62, 62, 62, 62, 62, 62, 62, 62
DB 62, 62, 62, 62, 62, 62, 132, 204, 204, 204, 132, 62, 62, 62, 62, 62, 62, 62, 62, 62
DB 62, 62, 62, 62, 62, 62, 62, 62, 62, 62, 204, 204, 204, 204, 204, 204, 62, 62, 62, 62
DB 62, 62, 62, 62, 62, 62, 62, 62, 62, 62, 62, 62, 62, 37, 133, 204, 204, 204, 204, 0
DB 204, 204, 204, 132, 62, 62, 62, 62, 62, 204, 204, 204, 0, 0, 0, 18, 204, 204, 132, 62
DB 62, 62, 62, 62, 204, 204, 204, 204, 0, 18, 204, 204, 204, 133, 62, 62, 62, 62, 62, 62
DB 62, 62, 62, 62, 62, 62, 62, 62, 62, 62, 62, 132, 204, 204, 204, 132, 62, 62, 62, 62
DB 62, 62, 62, 62, 62, 62, 62, 62, 62, 62, 62, 62, 62, 62, 62, 204, 204, 204, 204, 204
DB 204, 62, 62, 62, 62, 62, 62, 62, 62, 62, 62, 62, 62, 62, 62, 62, 62, 62, 62, 62
DB 134, 204, 204, 204, 0, 204, 204, 204, 132, 62, 62, 62, 62, 62, 204, 204, 204, 0, 0, 0
DB 18, 204, 204, 132, 62, 62, 62, 62, 62, 204, 204, 204, 204, 0, 204, 204, 204, 204, 5, 62
DB 62, 62, 62, 62, 62, 5, 132, 132, 132, 132, 132, 62, 62, 62, 62, 62, 132, 204, 204, 204
DB 132, 62, 62, 62, 62, 62, 132, 132, 132, 132, 132, 132, 132, 5, 62, 62, 62, 62, 62, 62
DB 132, 204, 204, 204, 204, 204, 62, 62, 62, 62, 62, 62, 132, 132, 132, 132, 132, 5, 62, 62
DB 62, 62, 62, 62, 62, 5, 204, 204, 204, 204, 204, 204, 204, 132, 62, 62, 62, 62, 62, 204
DB 204, 204, 0, 0, 0, 18, 204, 204, 132, 62, 62, 62, 62, 62, 204, 204, 204, 204, 0, 204
DB 204, 204, 133, 62, 62, 62, 62, 62, 62, 5, 204, 204, 204, 204, 204, 204, 62, 62, 62, 62
DB 62, 132, 204, 204, 204, 132, 62, 62, 62, 62, 62, 204, 204, 204, 204, 204, 204, 204, 204, 5
DB 62, 62, 62, 62, 62, 5, 204, 204, 204, 204, 204, 62, 62, 62, 62, 62, 62, 204, 204, 204
DB 204, 204, 204, 133, 5, 62, 62, 62, 62, 62, 62, 133, 204, 204, 204, 204, 204, 204, 132, 62
DB 62, 62, 62, 62, 204, 204, 204, 18, 18, 18, 18, 204, 204, 132, 62, 62, 62, 62, 62, 204
DB 204, 204, 204, 0, 204, 204, 204, 156, 62, 62, 62, 62, 62, 63, 204, 204, 204, 204, 204, 204
DB 204, 62, 62, 62, 62, 62, 132, 204, 204, 204, 132, 62, 62, 62, 62, 62, 204, 204, 204, 204
DB 204, 204, 204, 204, 204, 62, 62, 62, 62, 62, 62, 204, 204, 204, 204, 204, 62, 62, 62, 62
DB 62, 62, 204, 204, 204, 204, 204, 204, 204, 204, 5, 62, 62, 62, 62, 62, 132, 204, 204, 204
DB 204, 204, 204, 132, 62, 62, 62, 62, 62, 204, 204, 204, 204, 204, 204, 204, 204, 204, 132, 62
DB 62, 62, 62, 62, 204, 204, 204, 204, 0, 204, 204, 204, 5, 62, 62, 62, 62, 62, 133, 204
DB 204, 204, 204, 204, 204, 204, 62, 62, 62, 62, 62, 132, 204, 204, 204, 132, 62, 62, 62, 62
DB 62, 204, 204, 204, 204, 204, 204, 204, 204, 204, 156, 62, 62, 62, 62, 62, 204, 204, 204, 204
DB 204, 62, 62, 62, 62, 62, 62, 204, 204, 204, 204, 204, 204, 204, 204, 134, 62, 62, 62, 62
DB 62, 63, 204, 204, 204, 204, 204, 204, 156, 62, 62, 62, 62, 62, 204, 204, 204, 204, 204, 204
DB 204, 204, 204, 156, 62, 62, 62, 62, 62, 204, 204, 204, 204, 0, 204, 204, 204, 62, 62, 62
DB 62, 62, 62, 204, 204, 204, 18, 204, 204, 204, 204, 62, 62, 62, 62, 62, 156, 204, 204, 204
DB 156, 62, 62, 62, 62, 62, 204, 204, 204, 204, 204, 204, 204, 204, 204, 156, 62, 62, 62, 62
DB 62, 204, 204, 204, 204, 204, 62, 62, 62, 62, 62, 62, 204, 204, 204, 18, 18, 181, 204, 204
DB 204, 156, 62, 62, 62, 62, 62, 204, 204, 204, 204, 204, 204, 156, 62, 62, 62, 62, 62, 204
DB 204, 204, 204, 204, 204, 204, 204, 204, 156, 62, 62, 62, 62, 62, 204, 204, 204, 204, 0, 204
DB 204, 134, 62, 62, 62, 62, 62, 156, 204, 204, 18, 0, 204, 204, 204, 204, 62, 62, 62, 62
DB 62, 156, 204, 204, 204, 156, 62, 62, 62, 62, 62, 204, 204, 204, 204, 204, 204, 204, 204, 204
DB 63, 62, 62, 62, 62, 63, 204, 204, 204, 204, 204, 62, 62, 62, 62, 62, 62, 204, 204, 204
DB 0, 0, 0, 204, 204, 204, 156, 62, 62, 62, 62, 62, 133, 204, 204, 204, 204, 204, 156, 61
DB 61, 61, 61, 61, 156, 156, 156, 156, 156, 156, 156, 156, 156, 63, 61, 61, 61, 61, 61, 204
DB 204, 204, 204, 17, 204, 204, 132, 61, 61, 61, 61, 61, 156, 204, 204, 17, 0, 204, 204, 204
DB 204, 61, 61, 61, 61, 61, 156, 204, 204, 204, 156, 61, 61, 61, 61, 61, 204, 204, 204, 204
DB 204, 204, 204, 204, 133, 61, 61, 61, 61, 61, 62, 204, 204, 204, 204, 204, 61, 61, 61, 61
DB 61, 61, 204, 204, 204, 0, 0, 0, 204, 204, 204, 133, 61, 61, 61, 61, 61, 132, 204, 204
DB 204, 204, 204, 156, 61, 61, 61, 61, 61, 61, 61, 61, 61, 61, 61, 61, 61, 61, 61, 61
DB 61, 61, 61, 61, 204, 204, 204, 204, 18, 204, 204, 156, 61, 61, 61, 61, 61, 133, 204, 204
DB 18, 18, 204, 204, 204, 204, 61, 61, 61, 61, 61, 156, 204, 204, 204, 156, 61, 61, 61, 61
DB 61, 204, 204, 204, 204, 204, 204, 204, 133, 62, 61, 61, 61, 61, 61, 156, 204, 204, 204, 204
DB 204, 61, 61, 61, 61, 61, 61, 204, 204, 204, 0, 0, 0, 204, 204, 204, 204, 61, 61, 61
DB 61, 61, 156, 204, 204, 204, 204, 204, 156, 61, 61, 61, 61, 61, 61, 61, 61, 61, 61, 61
DB 61, 61, 61, 61, 61, 61, 61, 61, 61, 204, 204, 204, 204, 205, 204, 204, 63, 61, 61, 61
DB 61, 62, 204, 204, 204, 204, 204, 204, 204, 204, 204, 61, 61, 61, 61, 61, 156, 204, 204, 204
DB 156, 61, 61, 61, 61, 61, 61, 61, 61, 61, 61, 61, 61, 61, 61, 61, 61, 61, 61, 61
DB 204, 204, 204, 204, 204, 204, 61, 61, 61, 61, 61, 61, 204, 204, 204, 0, 0, 0, 204, 204
DB 204, 204, 61, 61, 61, 61, 61, 156, 204, 204, 204, 204, 204, 156, 61, 61, 61, 61, 61, 61
DB 61, 61, 61, 61, 61, 61, 61, 61, 61, 61, 61, 61, 61, 61, 204, 204, 204, 204, 204, 204
DB 204, 61, 61, 61, 61, 61, 63, 204, 204, 204, 204, 204, 204, 204, 204, 204, 61, 61, 61, 61
DB 61, 156, 204, 204, 204, 156, 61, 61, 61, 61, 61, 61, 61, 61, 61, 61, 61, 61, 61, 61
DB 61, 61, 61, 61, 62, 204, 204, 204, 204, 204, 204, 61, 61, 61, 61, 61, 61, 204, 204, 204
DB 0, 0, 0, 204, 204, 204, 204, 61, 61, 61, 61, 61, 156, 204, 204, 204, 204, 204, 156, 61
DB 61, 61, 61, 61, 61, 61, 61, 61, 61, 61, 61, 61, 61, 61, 61, 61, 61, 61, 61, 204
DB 204, 204, 204, 204, 204, 133, 61, 61, 61, 61, 61, 156, 204, 204, 204, 204, 204, 204, 204, 204
DB 204, 61, 61, 61, 61, 61, 156, 204, 204, 204, 156, 61, 61, 61, 61, 61, 61, 61, 61, 61
DB 61, 61, 61, 61, 61, 61, 61, 61, 63, 134, 204, 204, 204, 204, 204, 204, 61, 61, 61, 61
DB 61, 61, 204, 204, 204, 0, 0, 0, 204, 204, 204, 204, 61, 61, 61, 61, 61, 156, 204, 204
DB 204, 204, 204, 156, 61, 61, 61, 61, 61, 61, 61, 61, 61, 61, 61, 61, 61, 61, 61, 61
DB 61, 61, 61, 61, 204, 204, 204, 204, 204, 204, 156, 61, 61, 61, 61, 61, 63, 156, 156, 156
DB 156, 156, 156, 156, 156, 156, 61, 61, 61, 61, 61, 156, 204, 204, 204, 156, 61, 61, 61, 61
DB 61, 61, 61, 61, 61, 61, 61, 61, 61, 61, 62, 156, 133, 204, 204, 204, 204, 18, 204, 204
DB 204, 61, 61, 61, 61, 61, 61, 204, 204, 204, 0, 0, 0, 204, 204, 204, 204, 61, 61, 61
DB 61, 61, 156, 204, 204, 204, 204, 204, 156, 62, 61, 61, 61, 61, 204, 204, 204, 204, 204, 204
DB 204, 204, 204, 156, 62, 61, 61, 61, 61, 204, 204, 204, 204, 204, 204, 63, 61, 61, 61, 61
DB 61, 61, 61, 61, 61, 61, 61, 61, 61, 61, 61, 61, 61, 61, 61, 62, 156, 204, 204, 204
DB 156, 62, 61, 61, 61, 61, 62, 61, 62, 61, 61, 61, 61, 61, 61, 61, 63, 204, 204, 204
DB 204, 181, 18, 204, 204, 204, 62, 61, 61, 61, 61, 61, 204, 204, 204, 0, 0, 0, 204, 204
DB 204, 133, 61, 61, 61, 61, 62, 132, 204, 204, 204, 204, 204, 156, 62, 62, 62, 62, 62, 204
DB 204, 204, 204, 204, 204, 204, 204, 204, 156, 62, 62, 62, 62, 62, 204, 204, 204, 204, 204, 204
DB 63, 62, 62, 62, 62, 62, 62, 62, 62, 62, 62, 62, 62, 62, 62, 62, 62, 62, 62, 62
DB 62, 156, 204, 204, 204, 156, 62, 62, 62, 62, 62, 156, 156, 156, 156, 62, 62, 62, 62, 62
DB 62, 62, 63, 204, 204, 204, 18, 18, 204, 204, 204, 62, 62, 62, 62, 62, 62, 204, 204, 204
DB 0, 0, 0, 204, 204, 204, 156, 62, 62, 62, 62, 62, 133, 204, 204, 204, 204, 204, 156, 62
DB 62, 62, 62, 62, 204, 204, 204, 204, 204, 204, 204, 204, 204, 156, 62, 62, 62, 62, 62, 204
DB 204, 204, 204, 204, 134, 62, 62, 62, 62, 62, 62, 62, 62, 62, 62, 62, 62, 62, 62, 62
DB 62, 62, 62, 62, 62, 62, 156, 204, 204, 204, 156, 62, 62, 62, 62, 62, 204, 204, 204, 204
DB 204, 156, 62, 62, 62, 62, 62, 62, 156, 204, 204, 205, 18, 204, 204, 204, 62, 62, 62, 62
DB 62, 62, 204, 204, 204, 18, 18, 181, 204, 204, 204, 156, 62, 62, 62, 62, 62, 204, 204, 204
DB 204, 204, 204, 156, 62, 62, 62, 62, 62, 204, 204, 204, 204, 204, 204, 204, 204, 204, 156, 62
DB 62, 62, 62, 62, 204, 204, 204, 204, 204, 132, 62, 62, 62, 62, 62, 62, 62, 62, 62, 62
DB 62, 62, 62, 62, 62, 62, 62, 62, 62, 62, 62, 156, 204, 204, 204, 156, 62, 62, 62, 62
DB 62, 204, 204, 204, 204, 204, 204, 156, 62, 62, 62, 62, 62, 62, 134, 204, 204, 18, 204, 204
DB 204, 62, 62, 62, 62, 62, 62, 204, 204, 204, 204, 204, 204, 204, 204, 134, 62, 62, 62, 62
DB 62, 63, 204, 204, 205, 204, 204, 204, 132, 62, 62, 62, 62, 62, 204, 204, 204, 0, 0, 0
DB 18, 204, 204, 132, 62, 62, 62, 62, 62, 204, 204, 204, 204, 204, 132, 62, 62, 62, 62, 62
DB 62, 62, 62, 62, 62, 62, 62, 62, 62, 62, 62, 62, 62, 62, 62, 62, 132, 204, 204, 204
DB 132, 62, 62, 62, 62, 62, 204, 204, 204, 204, 204, 204, 204, 63, 62, 62, 62, 62, 62, 132
DB 204, 204, 204, 204, 204, 204, 62, 62, 62, 62, 62, 62, 204, 204, 204, 204, 204, 204, 204, 204
DB 5, 62, 62, 62, 62, 62, 132, 204, 204, 204, 204, 204, 204, 132, 62, 62, 62, 62, 62, 204
DB 204, 204, 0, 0, 0, 18, 204, 204, 132, 62, 62, 62, 62, 62, 204, 204, 204, 204, 204, 5
DB 62, 62, 62, 62, 62, 204, 204, 204, 204, 204, 204, 204, 204, 204, 204, 204, 62, 62, 62, 62
DB 62, 132, 204, 204, 204, 132, 62, 62, 62, 62, 62, 204, 204, 204, 205, 204, 204, 204, 132, 62
DB 62, 62, 62, 62, 62, 204, 204, 204, 204, 204, 204, 62, 62, 62, 62, 62, 62, 204, 204, 204
DB 204, 204, 204, 133, 5, 62, 62, 62, 62, 62, 62, 133, 204, 204, 204, 204, 204, 204, 132, 62
DB 62, 62, 62, 62, 204, 204, 204, 0, 0, 0, 18, 204, 204, 132, 62, 62, 62, 62, 62, 204
DB 204, 204, 204, 204, 62, 62, 62, 62, 62, 62, 204, 204, 204, 204, 204, 204, 204, 204, 204, 204
DB 204, 62, 62, 62, 62, 62, 132, 204, 204, 204, 132, 62, 62, 62, 62, 62, 204, 204, 204, 17
DB 204, 204, 204, 204, 62, 62, 62, 62, 62, 62, 204, 204, 204, 204, 204, 204, 62, 62, 62, 62
DB 62, 62, 132, 132, 132, 132, 132, 5, 62, 62, 62, 62, 62, 62, 62, 5, 204, 204, 204, 204
DB 204, 204, 204, 132, 62, 62, 62, 62, 62, 204, 204, 204, 0, 0, 0, 18, 204, 204, 132, 62
DB 62, 62, 62, 62, 204, 204, 204, 204, 204, 62, 62, 62, 62, 62, 62, 204, 204, 204, 204, 204
DB 204, 204, 204, 204, 204, 204, 62, 62, 62, 62, 62, 132, 204, 204, 204, 132, 62, 62, 62, 62
DB 62, 204, 204, 204, 0, 181, 204, 204, 204, 62, 62, 62, 62, 62, 62, 133, 204, 204, 204, 204
DB 204, 62, 62, 62, 62, 62, 62, 62, 62, 62, 62, 62, 62, 62, 62, 62, 62, 62, 62, 62
DB 134, 204, 204, 204, 204, 204, 204, 204, 132, 62, 62, 62, 62, 62, 204, 204, 204, 0, 0, 0
DB 18, 204, 204, 132, 62, 62, 62, 62, 62, 204, 204, 204, 204, 204, 62, 62, 62, 62, 62, 62
DB 204, 204, 204, 204, 204, 204, 204, 204, 204, 204, 204, 62, 62, 62, 62, 62, 132, 204, 204, 204
DB 132, 62, 62, 62, 62, 62, 204, 204, 204, 0, 17, 204, 204, 204, 5, 62, 62, 62, 62, 62
DB 5, 204, 204, 204, 204, 204, 62, 62, 62, 62, 62, 62, 62, 62, 62, 62, 62, 62, 62, 62
DB 62, 62, 62, 62, 133, 204, 204, 204, 204, 204, 204, 204, 204, 132, 62, 62, 62, 62, 62, 204
DB 204, 204, 0, 0, 0, 18, 204, 204, 132, 62, 62, 62, 62, 62, 204, 204, 204, 204, 204, 62
DB 62, 62, 62, 62, 37, 204, 204, 204, 0, 0, 0, 0, 204, 204, 204, 204, 62, 62, 62, 62
DB 37, 132, 204, 204, 204, 132, 62, 62, 62, 62, 62, 204, 204, 204, 0, 0, 18, 204, 204, 133
DB 37, 62, 62, 62, 62, 62, 133, 204, 204, 204, 204, 62, 62, 62, 62, 62, 62, 62, 62, 62
DB 62, 62, 62, 62, 62, 62, 62, 62, 133, 204, 204, 204, 204, 18, 0, 204, 204, 204, 132, 37
DB 37, 37, 37, 37, 204, 204, 204, 0, 0, 0, 18, 204, 204, 132, 37, 37, 37, 37, 37, 204
DB 204, 204, 204, 204, 37, 37, 37, 37, 37, 5, 204, 204, 206, 0, 0, 0, 0, 204, 204, 204
DB 204, 37, 37, 37, 37, 37, 132, 204, 204, 204, 132, 37, 37, 37, 37, 37, 204, 204, 204, 0
DB 0, 0, 204, 204, 204, 132, 37, 37, 37, 37, 37, 5, 204, 204, 204, 204, 37, 37, 37, 37
DB 37, 37, 37, 37, 37, 37, 37, 37, 37, 37, 37, 37, 132, 204, 204, 204, 204, 206, 0, 0
DB 204, 204, 204, 134, 5, 37, 37, 37, 132, 204, 204, 206, 0, 0, 0, 17, 204, 204, 134, 5
DB 37, 37, 37, 132, 204, 204, 204, 204, 204, 37, 37, 37, 37, 5, 134, 204, 204, 18, 0, 0
DB 0, 0, 181, 204, 204, 204, 37, 37, 37, 37, 5, 134, 204, 204, 204, 134, 5, 37, 37, 37
DB 132, 204, 204, 204, 0, 0, 0, 18, 204, 204, 204, 132, 37, 37, 37, 37, 5, 204, 204, 204
DB 204, 5, 37, 37, 37, 37, 37, 37, 37, 37, 37, 37, 37, 5, 132, 133, 204, 204, 204, 204
DB 204, 206, 0, 0, 0, 205, 204, 204, 204, 204, 204, 204, 204, 204, 204, 204, 18, 0, 0, 0
DB 0, 205, 204, 204, 204, 204, 204, 204, 204, 204, 204, 204, 204, 204, 204, 204, 204, 204, 204, 204
DB 204, 204, 0, 0, 0, 0, 0, 17, 204, 204, 204, 204, 204, 204, 204, 204, 204, 204, 204, 204
DB 204, 204, 204, 204, 204, 204, 204, 204, 204, 0, 0, 0, 0, 205, 204, 204, 204, 204, 204, 204
DB 204, 204, 204, 204, 204, 204, 204, 204, 204, 204, 204, 204, 204, 204, 204, 204, 204, 204, 204, 204
DB 204, 204, 204, 204, 204, 18, 0, 0, 0, 0, 17, 204, 204, 204, 204, 204, 204, 204, 204, 204
DB 204, 0, 0, 0, 0, 0, 17, 204, 204, 204, 204, 204, 204, 204, 204, 204, 205, 204, 204, 204
DB 204, 204, 204, 204, 204, 204, 17, 0, 0, 0, 0, 0, 0, 205, 204, 204, 204, 204, 204, 204
DB 204, 204, 204, 204, 204, 204, 204, 204, 204, 204, 204, 204, 204, 205, 0, 0, 0, 0, 17, 204
DB 204, 204, 204, 204, 204, 204, 204, 204, 204, 204, 204, 204, 204, 204, 204, 204, 204, 204, 204, 204
DB 204, 204, 204, 204, 204, 204, 204, 204, 205, 17, 0, 0, 0, 0, 0, 0, 18, 204, 204, 204
DB 204, 204, 204, 204, 204, 205, 0, 0, 0, 0, 0, 0, 204, 204, 204, 204, 204, 204, 204, 204
DB 205, 0, 205, 204, 204, 204, 204, 204, 204, 204, 18, 0, 0, 0, 0, 0, 0, 0, 0, 205
DB 204, 204, 204, 204, 204, 204, 204, 18, 18, 204, 204, 204, 204, 204, 204, 204, 204, 205, 0, 0
DB 0, 0, 0, 0, 205, 204, 204, 204, 204, 204, 204, 204, 204, 204, 18, 204, 204, 204, 204, 204
DB 204, 204, 204, 204, 204, 204, 204, 204, 204, 204, 204, 204, 181, 0, 0, 0, 0, 0, 0, 0
DB 0, 0, 17, 18, 205, 204, 204, 204, 206, 18, 0, 0, 0, 0, 0, 0, 0, 17, 18, 205
DB 204, 204, 204, 206, 18, 0, 0, 0, 18, 204, 204, 204, 204, 205, 18, 0, 0, 0, 0, 0
DB 0, 0, 0, 0, 0, 18, 204, 204, 204, 204, 205, 18, 0, 0, 17, 18, 205, 204, 204, 204
DB 205, 18, 0, 0, 0, 0, 0, 0, 0, 0, 18, 206, 204, 204, 204, 204, 205, 18, 0, 0
DB 17, 205, 204, 204, 204, 204, 204, 204, 204, 204, 204, 204, 204, 206, 18, 17, 0, 0, 0, 0
DB 0, 0, 0, 0, 0, 