DB 0, 0, 0, 0, 0, 0, 0, 0, 0, 0, 0, 0, 0, 0, 0, 0, 0, 111, 111, 111
DB 111, 111, 111, 111, 111, 111, 111, 111, 111, 111, 111, 111, 111, 111, 111, 111, 111, 111, 111, 111
DB 111, 111, 111, 111, 111, 111, 111, 111, 111, 111, 111, 111, 111, 0, 0, 0, 0, 0, 0, 0
DB 0, 0, 0, 0, 0, 0, 0, 0, 0, 0, 0, 0, 0, 0, 0, 0, 0, 0, 0, 0
DB 0, 0, 0, 0, 0, 0, 0, 112, 4, 4, 4, 4, 4, 4, 4, 4, 4, 4, 4, 4
DB 4, 4, 4, 4, 4, 4, 4, 4, 4, 4, 4, 4, 4, 4, 4, 4, 4, 4, 4, 4
DB 4, 4, 111, 17, 0, 0, 0, 0, 0, 0, 0, 0, 0, 0, 0, 0, 0, 0, 0, 0
DB 0, 0, 0, 0, 0, 0, 0, 0, 0, 0, 0, 0, 0, 0, 0, 0, 0, 112, 4, 4
DB 4, 4, 4, 4, 4, 4, 4, 4, 4, 4, 4, 4, 4, 4, 4, 4, 4, 4, 4, 4
DB 4, 4, 4, 4, 4, 4, 4, 4, 4, 4, 4, 4, 111, 17, 0, 0, 0, 0, 0, 0
DB 0, 0, 0, 0, 0, 0, 0, 0, 0, 0, 0, 0, 0, 0, 0, 0, 0, 0, 0, 0
DB 0, 0, 0, 0, 0, 0, 0, 112, 4, 4, 4, 4, 4, 4, 4, 4, 4, 4, 4, 4
DB 4, 4, 4, 4, 4, 4, 4, 4, 4, 4, 4, 4, 4, 4, 4, 4, 4, 4, 4, 4
DB 4, 4, 111, 17, 0, 0, 0, 0, 0, 0, 0, 0, 0, 0, 0, 0, 0, 0, 0, 0
DB 0, 0, 0, 0, 0, 0, 0, 0, 0, 0, 0, 0, 0, 0, 0, 0, 0, 112, 4, 4
DB 4, 4, 6, 6, 6, 6, 6, 6, 6, 6, 6, 6, 6, 6, 6, 6, 6, 6, 6, 6
DB 6, 6, 6, 6, 6, 6, 6, 6, 4, 4, 4, 4, 111, 17, 0, 0, 0, 0, 0, 0
DB 0, 0, 0, 0, 0, 0, 0, 0, 0, 0, 0, 0, 0, 0, 0, 0, 0, 0, 0, 0
DB 0, 0, 0, 0, 0, 0, 0, 112, 4, 4, 4, 4, 65, 90, 90, 90, 90, 90, 90, 90
DB 90, 90, 90, 90, 90, 90, 90, 90, 90, 90, 90, 90, 90, 90, 90, 90, 90, 90, 65, 4
DB 4, 4, 111, 17, 0, 0, 0, 0, 0, 0, 0, 0, 0, 0, 0, 0, 0, 0, 0, 0
DB 0, 0, 0, 0, 0, 0, 0, 0, 0, 0, 0, 0, 0, 0, 0, 0, 0, 112, 4, 4
DB 4, 4, 66, 91, 91, 91, 91, 91, 91, 91, 91, 91, 91, 91, 91, 91, 91, 91, 91, 91
DB 91, 91, 91, 91, 91, 91, 91, 91, 65, 4, 4, 4, 111, 17, 0, 0, 0, 0, 0, 0
DB 0, 0, 0, 0, 0, 0, 0, 0, 0, 0, 0, 0, 0, 0, 0, 0, 0, 0, 0, 0
DB 0, 0, 0, 0, 0, 0, 0, 112, 4, 4, 4, 4, 66, 91, 91, 91, 91, 91, 91, 91
DB 91, 91, 91, 91, 89, 65, 89, 91, 91, 91, 91, 91, 91, 91, 91, 91, 91, 91, 65, 4
DB 4, 4, 111, 17, 0, 0, 0, 0, 0, 0, 0, 0, 0, 0, 0, 0, 0, 0, 0, 0
DB 0, 0, 0, 0, 0, 0, 0, 0, 0, 0, 0, 0, 0, 0, 0, 0, 0, 112, 4, 4
DB 4, 4, 66, 91, 91, 91, 91, 91, 91, 91, 91, 91, 91, 89, 12, 39, 12, 90, 91, 91
DB 91, 91, 91, 91, 91, 91, 91, 91, 65, 4, 4, 4, 111, 17, 0, 0, 0, 0, 0, 0
DB 0, 0, 0, 0, 0, 0, 0, 0, 0, 0, 0, 0, 0, 0, 0, 0, 0, 0, 0, 0
DB 0, 0, 0, 0, 0, 0, 0, 112, 4, 4, 4, 4, 66, 91, 91, 91, 91, 91, 91, 91
DB 91, 91, 91, 64, 39, 39, 39, 65, 91, 91, 91, 91, 91, 91, 91, 91, 91, 91, 65, 4
DB 4, 4, 111, 17, 0, 0, 0, 0, 0, 0, 0, 0, 0, 0, 0, 0, 0, 0, 0, 0
DB 0, 0, 0, 0, 0, 0, 0, 0, 0, 0, 0, 0, 0, 0, 0, 0, 0, 112, 4, 4
DB 4, 4, 66, 91, 91, 91, 91, 91, 91, 91, 91, 91, 90, 12, 39, 39, 39, 12, 91, 91
DB 91, 91, 91, 91, 91, 91, 91, 91, 65, 4, 4, 4, 111, 17, 0, 0, 0, 0, 0, 0
DB 0, 0, 0, 0, 0, 0, 0, 0, 0, 0, 0, 0, 0, 0, 0, 0, 0, 0, 0, 0
DB 0, 0, 0, 0, 0, 0, 0, 112, 4, 4, 4, 4, 66, 91, 91, 91, 91, 91, 91, 91
DB 91, 91, 66, 39, 39, 39, 39, 39, 66, 91, 91, 91, 91, 91, 91, 91, 91, 91, 65, 4
DB 4, 4, 111, 17, 0, 0, 0, 0, 0, 0, 0, 0, 0, 0, 0, 0, 0, 0, 0, 0
DB 0, 0, 0, 0, 0, 0, 0, 0, 0, 0, 0, 0, 0, 0, 0, 0, 0, 112, 4, 4
DB 4, 4, 66, 91, 91, 91, 91, 91, 91, 91, 91, 91, 12, 39, 39, 39, 39, 39, 64, 91
DB 91, 91, 91, 91, 91, 91, 91, 91, 65, 4, 4, 4, 111, 17, 0, 0, 0, 0, 0, 0
DB 0, 0, 0, 0, 0, 0, 0, 0, 0, 0, 0, 0, 0, 0, 0, 0, 0, 0, 0, 0
DB 0, 0, 0, 0, 0, 0, 0, 112, 4, 4, 4, 4, 66, 91, 91, 91, 91, 91, 91, 91
DB 91, 88, 39, 39, 39, 39, 39, 39, 39, 89, 91, 91, 91, 91, 91, 91, 91, 91, 65, 4
DB 4, 4, 111, 17, 0, 0, 0, 0, 0, 0, 0, 0, 0, 0, 0, 0, 0, 0, 0, 0
DB 0, 0, 0, 0, 0, 0, 0, 0, 0, 0, 0, 0, 0, 0, 0, 0, 0, 112, 4, 4
DB 4, 4, 66, 91, 91, 91, 91, 91, 91, 91, 91, 64, 39, 12, 12, 39, 39, 39, 39, 64
DB 91, 91, 91, 91, 91, 91, 91, 91, 65, 4, 4, 4, 111, 17, 0, 0, 0, 0, 0, 0
DB 0, 0, 0, 0, 0, 0, 0, 0, 0, 0, 0, 0, 0, 0, 0, 0, 0, 0, 0, 0
DB 0, 0, 0, 0, 0, 0, 0, 112, 4, 4, 4, 4, 66, 91, 91, 91, 91, 91, 91, 91
DB 90, 12, 39, 66, 65, 39, 39, 39, 39, 12, 67, 91, 91, 91, 91, 91, 91, 91, 65, 4
DB 4, 4, 111, 17, 0, 0, 0, 0, 0, 0, 0, 0, 0, 0, 0, 0, 0, 0, 0, 0
DB 0, 0, 0, 0, 0, 0, 0, 0, 0, 0, 0, 0, 0, 0, 0, 0, 0, 112, 4, 4
DB 4, 4, 66, 91, 91, 91, 91, 91, 91, 91, 65, 39, 12, 90, 89, 39, 39, 39, 39, 39
DB 65, 91, 91, 91, 91, 91, 91, 91, 65, 4, 4, 4, 111, 17, 0, 0, 0, 0, 0, 0
DB 0, 0, 0, 0, 0, 0, 0, 0, 0, 0, 0, 0, 0, 0, 0, 0, 0, 0, 0, 0
DB 0, 0, 0, 0, 0, 0, 0, 112, 4, 4, 4, 4, 66, 91, 91, 91, 91, 91, 91, 90
DB 12, 39, 12, 91, 91, 12, 39, 39, 39, 39, 12, 91, 91, 91, 91, 91, 91, 91, 65, 4
DB 4, 4, 111, 17, 0, 0, 0, 0, 0, 0, 0, 0, 0, 0, 0, 0, 0, 0, 0, 0
DB 0, 0, 0, 0, 0, 0, 0, 0, 0, 0, 0, 0, 0, 0, 0, 0, 0, 112, 4, 4
DB 4, 4, 66, 91, 91, 91, 91, 91, 91, 65, 39, 12, 90, 91, 91, 66, 39, 39, 39, 39
DB 39, 66, 91, 91, 91, 91, 91, 91, 65, 4, 4, 4, 111, 17, 0, 0, 0, 0, 0, 0
DB 0, 0, 0, 0, 0, 0, 0, 0, 0, 0, 0, 0, 0, 0, 0, 0, 0, 0, 0, 0
DB 0, 0, 0, 0, 0, 0, 0, 112, 4, 4, 4, 4, 66, 91, 91, 91, 91, 91, 91, 12
DB 39, 12, 91, 91, 91, 91, 12, 39, 39, 39, 39, 12, 90, 91, 91, 91, 91, 91, 65, 4
DB 4, 4, 111, 17, 0, 0, 0, 0, 0, 0, 0, 0, 0, 0, 0, 0, 0, 0, 0, 0
DB 0, 0, 0, 0, 0, 0, 0, 0, 0, 0, 0, 0, 0, 0, 0, 0, 0, 112, 4, 4
DB 4, 4, 66, 91, 91, 91, 91, 91, 88, 39, 39, 12, 12, 12, 12, 12, 12, 39, 39, 39
DB 39, 39, 66, 91, 91, 91, 91, 91, 65, 4, 4, 4, 111, 17, 0, 0, 0, 0, 0, 0
DB 0, 0, 0, 0, 0, 0, 0, 0, 0, 0, 0, 0, 0, 0, 0, 0, 0, 0, 0, 0
DB 0, 0, 0, 0, 0, 0, 0, 112, 4, 4, 4, 4, 66, 91, 91, 91, 91, 91, 64, 39
DB 39, 39, 39, 39, 39, 39, 39, 39, 39, 39, 39, 39, 64, 91, 91, 91, 91, 91, 65, 4
DB 4, 4, 111, 17, 0, 0, 0, 0, 0, 0, 0, 0, 0, 0, 0, 0, 0, 0, 0, 0
DB 0, 0, 0, 0, 0, 0, 0, 0, 0, 0, 0, 0, 0, 0, 0, 0, 0, 112, 4, 4
DB 4, 4, 66, 91, 91, 91, 91, 89, 39, 39, 12, 65, 65, 65, 65, 65, 65, 12, 39, 39
DB 39, 39, 12, 90, 91, 91, 91, 91, 65, 4, 4, 4, 111, 17, 0, 0, 0, 0, 0, 0
DB 0, 0, 0, 0, 0, 0, 0, 0, 0, 0, 0, 0, 0, 0, 0, 0, 0, 0, 0, 0
DB 0, 0, 0, 0, 0, 0, 0, 112, 4, 4, 4, 4, 66, 91, 91, 91, 91, 64, 39, 12
DB 89, 91, 91, 91, 91, 91, 91, 65, 39, 39, 39, 39, 39, 66, 91, 91, 91, 91, 65, 4
DB 4, 4, 111, 17, 0, 0, 0, 0, 0, 0, 0, 0, 0, 0, 0, 0, 0, 0, 0, 0
DB 0, 0, 0, 0, 0, 0, 0, 0, 0, 0, 0, 0, 0, 0, 0, 0, 0, 112, 4, 4
DB 4, 4, 66, 91, 91, 91, 89, 12, 39, 12, 90, 91, 91, 91, 91, 91, 91, 90, 12, 39
DB 39, 39, 39, 12, 91, 91, 91, 91, 65, 4, 4, 4, 111, 17, 0, 0, 0, 0, 0, 0
DB 0, 0, 0, 0, 0, 0, 0, 0, 0, 0, 0, 0, 0, 0, 0, 0, 0, 0, 0, 0
DB 0, 0, 0, 0, 0, 0, 0, 112, 4, 4, 4, 4, 66, 91, 91, 91, 12, 39, 39, 12
DB 91, 91, 91, 91, 91, 91, 91, 91, 64, 39, 39, 39, 39, 39, 66, 91, 91, 91, 65, 4
DB 4, 4, 111, 17, 0, 0, 0, 0, 0, 0, 0, 0, 0, 0, 0, 0, 0, 0, 0, 0
DB 0, 0, 0, 0, 0, 0, 0, 0, 0, 0, 0, 0, 0, 0, 0, 0, 0, 112, 4, 4
DB 4, 4, 66, 91, 65, 12, 39, 39, 39, 39, 64, 88, 90, 91, 91, 91, 90, 89, 12, 39
DB 39, 39, 39, 39, 12, 65, 90, 91, 65, 4, 4, 4, 111, 17, 0, 0, 0, 0, 0, 0
DB 0, 0, 0, 0, 0, 0, 0, 0, 0, 0, 0, 0, 0, 0, 0, 0, 0, 0, 0, 0
DB 0, 0, 0, 0, 0, 0, 0, 112, 4, 4, 4, 4, 66, 89, 39, 39, 39, 39, 39, 39
DB 39, 39, 65, 91, 91, 91, 66, 39, 39, 39, 39, 39, 39, 39, 39, 39, 64, 91, 65, 4
DB 4, 4, 111, 17, 0, 0, 0, 0, 0, 0, 0, 0, 0, 0, 0, 0, 0, 0, 0, 0
DB 0, 0, 0, 0, 0, 0, 0, 0, 0, 0, 0, 0, 0, 0, 0, 0, 0, 112, 4, 4
DB 4, 4, 66, 90, 12, 12, 12, 12, 12, 12, 12, 12, 66, 91, 91, 91, 66, 12, 12, 12
DB 12, 12, 12, 12, 12, 12, 65, 91, 65, 4, 4, 4, 111, 17, 0, 0, 0, 0, 0, 0
DB 0, 0, 0, 0, 0, 0, 0, 0, 0, 0, 0, 0, 0, 0, 0, 0, 0, 0, 0, 0
DB 0, 0, 0, 0, 0, 0, 0, 112, 4, 4, 4, 4, 66, 91, 91, 91, 91, 91, 91, 91
DB 91, 91, 91, 91, 91, 91, 91, 91, 91, 91, 91, 91, 91, 91, 91, 91, 91, 91, 65, 4
DB 4, 4, 111, 17, 0, 0, 0, 0, 0, 0, 0, 0, 0, 0, 0, 0, 0, 0, 0, 0
DB 0, 0, 0, 0, 0, 0, 0, 0, 0, 0, 0, 0, 0, 0, 0, 0, 0, 112, 4, 4
DB 4, 4, 66, 91, 91, 91, 91, 91, 91, 91, 91, 91, 91, 91, 91, 91, 91, 91, 91, 91
DB 91, 91, 91, 91, 91, 91, 91, 91, 65, 4, 4, 4, 111, 17, 0, 0, 0, 0, 0, 0
DB 0, 0, 0, 0, 0, 0, 0, 0, 0, 0, 0, 0, 0, 0, 0, 0, 0, 0, 0, 0
DB 0, 0, 0, 0, 0, 0, 0, 112, 4, 4, 4, 4, 6, 6, 6, 6, 6, 6, 6, 6
DB 6, 6, 6, 6, 6, 6, 6, 6, 6, 6, 6, 6, 6, 6, 6, 6, 6, 6, 6, 4
DB 4, 4, 111, 17, 0, 0, 0, 0, 0, 0, 0, 0, 0, 0, 0, 0, 0, 0, 0, 0
DB 0, 0, 0, 0, 0, 0, 0, 0, 0, 0, 0, 0, 0, 0, 0, 0, 0, 112, 4, 4
DB 4, 4, 4, 4, 4, 4, 4, 4, 4, 4, 4, 4, 4, 4, 4, 4, 4, 4, 4, 4
DB 4, 4, 4, 4, 4, 4, 4, 4, 4, 4, 4, 4, 111, 17, 0, 0, 0, 0, 0, 0
DB 0, 0, 0, 0, 0, 0, 0, 0, 0, 0, 0, 0, 0, 0, 0, 0, 0, 0, 0, 0
DB 0, 0, 0, 0, 0, 0, 0, 112, 4, 4, 4, 4, 4, 4, 4, 4, 4, 4, 4, 4
DB 4, 4, 4, 4, 4, 4, 4, 4, 4, 4, 4, 4, 4, 4, 4, 4, 4, 4, 4, 4
DB 4, 4, 111, 17, 0, 0, 0, 0, 0, 0, 0, 0, 0, 0, 0, 0, 0, 0, 0, 0
DB 0, 0, 0, 0, 0, 0, 0, 0, 0, 0, 0, 0, 0, 0, 0, 0, 0, 112, 4, 4
DB 4, 4, 4, 4, 4, 4, 4, 4, 4, 4, 4, 4, 4, 4, 4, 4, 4, 4, 4, 4
DB 4, 4, 4, 4, 4, 4, 4, 4, 4, 4, 4, 4, 111, 17, 0, 0, 0, 0, 0, 0
DB 0, 0, 0, 0, 0, 0, 0, 0, 0, 0, 17, 17, 17, 17, 17, 17, 17, 17, 17, 17
DB 17, 17, 17, 17, 17, 17, 17, 183, 111, 111, 111, 111, 111, 111, 111, 111, 111, 111, 111, 111
DB 111, 111, 111, 111, 111, 111, 113, 113, 113, 113, 113, 113, 113, 113, 113, 113, 113, 113, 113, 113
DB 113, 113, 113, 17, 17, 17, 17, 17, 17, 17, 17, 17, 17, 17, 17, 17, 17, 17, 17, 17
DB 198, 198, 198, 198, 198, 198, 198, 198, 198, 198, 198, 198, 198, 198, 198, 198, 198, 198, 198, 198
DB 198, 198, 198, 198, 198, 198, 198, 198, 198, 198, 198, 198, 198, 198, 198, 20, 190, 190, 190, 190
DB 190, 190, 190, 190, 190, 190, 190, 190, 190, 190, 190, 190, 190, 190, 190, 190, 190, 190, 190, 190
DB 190, 190, 190, 190, 190, 190, 190, 190, 190, 190, 198, 198, 198, 198, 198, 198, 198, 198, 198, 198
DB 198, 198, 198, 198, 198, 198, 198, 198, 198, 198, 198, 198, 198, 198, 198, 198, 198, 198, 198, 198
DB 198, 198, 198, 198, 198, 20, 190, 190, 190, 190, 190, 190, 190, 190, 190, 190, 190, 190, 190, 190
DB 190, 190, 190, 190, 190, 190, 190, 190, 190, 190, 190, 190, 190, 190, 190, 190, 190, 190, 190, 190
DB 198, 198, 198, 198, 198, 198, 198, 198, 198, 198, 198, 198, 198, 198, 198, 198, 198, 198, 198, 198
DB 198, 198, 198, 198, 198, 198, 198, 198, 198, 198, 198, 198, 198, 198, 198, 20, 190, 190, 190, 190
DB 190, 190, 190, 190, 190, 190, 190, 190, 190, 190, 190, 190, 190, 190, 190, 190, 190, 190, 190, 190
DB 190, 190, 190, 190, 190, 190, 190, 190, 190, 190, 198, 198, 198, 198, 198, 198, 198, 198, 198, 198
DB 198, 198, 198, 198, 198, 198, 198, 198, 198, 198, 198, 198, 198, 198, 198, 198, 198, 198, 198, 198
DB 198, 198, 198, 198, 198, 20, 190, 190, 190, 190, 190, 190, 190, 190, 190, 190, 190, 190, 190, 190
DB 190, 190, 190, 190, 190, 190, 190, 190, 190, 190, 190, 190, 190, 190, 190, 190, 190, 190, 190, 190
DB 198, 198, 198, 198, 23, 27, 7, 7, 7, 7, 7, 7, 7, 7, 7, 7, 7, 7, 7, 7
DB 7, 7, 7, 7, 7, 7, 7, 7, 7, 27, 24, 198, 198, 198, 198, 20, 190, 190, 190, 190
DB 141, 164, 164, 164, 164, 164, 164, 164, 164, 164, 164, 164, 164, 164, 164, 164, 164, 23, 164, 23
DB 164, 164, 164, 164, 164, 214, 190, 190, 190, 190, 198, 198, 198, 198, 24, 91, 91, 91, 91, 91
DB 91, 91, 91, 91, 91, 91, 91, 91, 91, 91, 91, 91, 91, 91, 91, 91, 91, 91, 91, 91
DB 27, 198, 198, 198, 198, 20, 190, 190, 190, 190, 27, 91, 91, 91, 91, 91, 91, 91, 91, 91
DB 91, 91, 91, 91, 91, 91, 91, 91, 91, 91, 91, 91, 91, 91, 90, 212, 190, 190, 190, 190
DB 198, 198, 198, 198, 24, 91, 91, 91, 91, 91, 91, 91, 91, 91, 91, 91, 91, 91, 91, 91
DB 91, 91, 91, 91, 91, 91, 91, 91, 91, 91, 7, 198, 198, 198, 198, 20, 190, 190, 190, 190
DB 27, 91, 91, 91, 91, 91, 91, 91, 91, 94, 70, 71, 71, 71, 71, 70, 93, 71, 71, 71
DB 71, 91, 91, 91, 90, 212, 190, 190, 190, 190, 198, 198, 198, 198, 24, 91, 91, 29, 77, 78
DB 78, 78, 78, 77, 77, 78, 78, 78, 78, 78, 78, 78, 3, 3, 3, 91, 91, 91, 91, 91
DB 7, 198, 198, 198, 198, 20, 190, 190, 190, 190, 27, 91, 91, 91, 91, 91, 91, 94, 2, 2
DB 2, 2, 2, 2, 2, 2, 2, 2, 71, 2, 2, 94, 91, 91, 90, 212, 190, 190, 190, 190
DB 198, 198, 198, 198, 24, 91, 91, 94, 78, 53, 53, 53, 53, 53, 53, 53, 53, 53, 53, 53
DB 53, 53, 53, 53, 78, 3, 91, 91, 91, 91, 7, 198, 198, 198, 198, 20, 190, 190, 190, 190
DB 27, 91, 91, 91, 91, 91, 70, 2, 2, 2, 2, 2, 2, 2, 2, 2, 2, 2, 2, 2
DB 2, 69, 91, 91, 90, 212, 190, 190, 190, 190, 198, 198, 198, 198, 24, 91, 91, 91, 91, 91
DB 78, 53, 53, 53, 53, 3, 27, 28, 28, 28, 28, 53, 53, 53, 53, 78, 3, 91, 91, 91
DB 7, 198, 198, 198, 198, 20, 190, 190, 190, 190, 27, 91, 91, 91, 91, 71, 2, 2, 2, 2
DB 2, 71, 91, 91, 91, 69, 71, 2, 2, 2, 2, 70, 91, 91, 90, 212, 190, 190, 190, 190
DB 198, 198, 198, 198, 24, 91, 91, 91, 91, 91, 98, 53, 53, 53, 53, 3, 91, 91, 91, 91
DB 91, 78, 53, 53, 53, 53, 3, 91, 91, 91, 7, 198, 198, 198, 198, 20, 190, 190, 190, 190
DB 27, 91, 91, 91, 94, 2, 2, 2, 2, 2, 71, 91, 91, 91, 91, 91, 91, 71, 2, 2
DB 2, 71, 91, 91, 90, 212, 190, 190, 190, 190, 198, 198, 198, 198, 24, 91, 91, 91, 91, 91
DB 102, 53, 53, 53, 53, 3, 91, 91, 91, 91, 91, 91, 53, 53, 53, 53, 3, 91, 91, 91
DB 7, 198, 198, 198, 198, 20, 190, 190, 190, 190, 27, 91, 91, 93, 10, 2, 2, 2, 2, 72
DB 91, 91, 91, 91, 91, 91, 91, 91, 10, 2, 2, 71, 91, 91, 90, 212, 190, 190, 190, 190
DB 198, 198, 198, 198, 24, 91, 91, 91, 91, 91, 102, 53, 53, 53, 53, 3, 91, 91, 91, 91
DB 91, 91, 53, 53, 53, 53, 3, 91, 91, 91, 7, 198, 198, 198, 198, 20, 190, 190, 190, 190
DB 27, 91, 91, 70, 2, 2, 2, 2, 2, 71, 91, 91, 91, 91, 91, 91, 91, 91, 70, 2
DB 2, 71, 91, 91, 90, 212, 190, 190, 190, 190, 198, 198, 198, 198, 24, 91, 91, 91, 91, 91
DB 102, 53, 53, 53, 53, 3, 91, 91, 91, 91, 91, 91, 53, 53, 53, 53, 3, 91, 91, 91
DB 7, 198, 198, 198, 198, 20, 190, 190, 190, 190, 27, 91, 91, 10, 2, 2, 2, 2, 2, 90
DB 91, 91, 91, 91, 91, 91, 91, 91, 91, 2, 2, 71, 91, 91, 90, 212, 190, 190, 190, 190
DB 198, 198, 198, 198, 24, 91, 91, 91, 91, 91, 102, 53, 53, 53, 53, 3, 91, 91, 91, 91
DB 91, 78, 53, 53, 53, 3, 90, 91, 91, 91, 7, 198, 198, 198, 198, 20, 190, 190, 190, 190
DB 27, 91, 91, 2, 2, 2, 2, 2, 10, 91, 91, 91, 91, 91, 91, 91, 91, 91, 91, 71
DB 10, 69, 91, 91, 90, 212, 190, 190, 190, 190, 198, 198, 198, 198, 24, 91, 91, 91, 91, 91
DB 102, 53, 53, 53, 53, 3, 91, 91, 91, 91, 78, 53, 53, 53, 3, 27, 91, 91, 91, 91
DB 7, 198, 198, 198, 198, 20, 190, 190, 190, 190, 27, 91, 93, 2, 2, 2, 2, 2, 10, 91
DB 91, 91, 91, 91, 91, 91, 91, 91, 91, 91, 91, 91, 91, 91, 90, 212, 190, 190, 190, 190
DB 198, 198, 198, 198, 24, 91, 91, 91, 91, 91, 102, 53, 53, 53, 53, 53, 53, 53, 53, 53
DB 53, 53, 53, 3, 90, 91, 91, 91, 91, 91, 7, 198, 198, 198, 198, 20, 190, 190, 190, 190
DB 27, 91, 94, 2, 2, 2, 2, 2, 10, 91, 91, 91, 91, 91, 91, 91, 91, 91, 91, 91
DB 91, 91, 91, 91, 90, 212, 190, 190, 190, 190, 198, 198, 198, 198, 24, 91, 91, 91, 91, 91
DB 102, 53, 53, 53, 53, 53, 53, 53, 53, 53, 53, 53, 53, 78, 28, 91, 91, 91, 91, 91
DB 7, 198, 198, 198, 198, 20, 190, 190, 190, 190, 27, 91, 95, 2, 2, 2, 2, 2, 10, 91
DB 91, 91, 91, 91, 91, 91, 91, 91, 91, 91, 91, 91, 91, 91, 90, 212, 190, 190, 190, 190
DB 198, 198, 198, 198, 24, 91, 91, 91, 91, 91, 102, 53, 53, 53, 53, 3, 3, 3, 3, 3
DB 3, 78, 53, 53, 53, 78, 90, 91, 91, 91, 7, 198, 198, 198, 198, 20, 190, 190, 190, 190
DB 27, 91, 94, 2, 2, 2, 2, 2, 71, 90, 91, 91, 91, 91, 91, 91, 91, 91, 91, 91
DB 91, 91, 91, 91, 90, 212, 190, 190, 190, 190, 198, 198, 198, 198, 24, 91, 91, 91, 91, 91
DB 102, 53, 53, 53, 53, 3, 91, 91, 91, 91, 91, 91, 53, 53, 53, 53, 78, 91, 91, 91
DB 7, 198, 198, 198, 198, 20, 190, 190, 190, 190, 27, 91, 91, 2, 2, 2, 2, 2, 71, 90
DB 91, 91, 91, 91, 91, 91, 91, 91, 91, 70, 72, 70, 91, 91, 90, 212, 190, 190, 190, 190
DB 198, 198, 198, 198, 24, 91, 91, 91, 91, 91, 102, 53, 53, 53, 53, 3, 90, 91, 91, 91
DB 91, 91, 91, 53, 53, 53, 53, 28, 91, 91, 7, 198, 198, 198, 198, 20, 190, 190, 190, 190
DB 27, 91, 91, 10, 2, 2, 2, 2, 2, 71, 91, 91, 91, 91, 91, 91, 91, 91, 91, 72
DB 2, 10, 91, 91, 90, 212, 190, 190, 190, 190, 198, 198, 198, 198, 24, 91, 91, 91, 91, 91
DB 102, 53, 53, 53, 53, 3, 90, 91, 91, 91, 91, 91, 91, 53, 53, 53, 53, 3, 91, 91
DB 7, 198, 198, 198, 198, 20, 190, 190, 190, 190, 27, 91, 91, 70, 2, 2, 2, 2, 2, 71
DB 91, 91, 91, 91, 91, 91, 91, 91, 70, 2, 2, 2, 91, 91, 90, 212, 190, 190, 190, 190
DB 198, 198, 198, 198, 24, 91, 91, 91, 91, 91, 102, 53, 53, 53, 53, 3, 90, 91, 91, 91
DB 91, 91, 91, 53, 53, 53, 53, 3, 91, 91, 7, 198, 198, 198, 198, 20, 190, 190, 190, 190
DB 27, 91, 91, 91, 10, 2, 2, 2, 2, 10, 91, 91, 91, 91, 91, 91, 91, 91, 10, 2
DB 2, 70, 91, 91, 90, 212, 190, 190, 190, 190, 198, 198, 198, 198, 24, 91, 91, 91, 91, 91
DB 102, 53, 53, 53, 53, 3, 90, 91, 91, 91, 91, 91, 53, 53, 53, 53, 53, 3, 91, 91
DB 7, 198, 198, 198, 198, 20, 190, 190, 190, 190, 27, 91, 91, 91, 70, 2, 2, 2, 2, 2
DB 71, 91, 91, 91, 91, 91, 91, 71, 2, 2, 2, 71, 91, 91, 90, 212, 190, 190, 190, 190
DB 198, 198, 198, 198, 24, 91, 91, 91, 91, 91, 102, 53, 53, 53, 53, 3, 90, 91, 91, 91
DB 91, 77, 53, 53, 53, 53, 3, 91, 91, 91, 7, 198, 198, 198, 198, 20, 190, 190, 190, 190
DB 27, 91, 91, 91, 91, 70, 2, 2, 2, 2, 2, 72, 70, 91, 93, 70, 10, 2, 2, 2
DB 71, 91, 91, 91, 90, 212, 190, 190, 190, 190, 198, 198, 198, 198, 24, 91, 91, 91, 29, 28
DB 78, 53, 53, 53, 53, 53, 3, 3, 3, 3, 78, 53, 53, 53, 53, 3, 91, 91, 91, 91
DB 7, 198, 198, 198, 198, 20, 190, 190, 190, 190, 27, 91, 91, 91, 91, 91, 70, 10, 2, 2
DB 2, 2, 2, 2, 2, 2, 2, 2, 2, 71, 91, 91, 91, 91, 90, 212, 190, 190, 190, 190
DB 198, 198, 198, 198, 24, 91, 91, 91, 78, 53, 53, 53, 53, 53, 53, 53, 53, 53, 53, 53
DB 53, 53, 53, 3, 3, 91, 91, 91, 91, 91, 7, 198, 198, 198, 198, 20, 190, 190, 190, 190
DB 27, 91, 91, 91, 91, 91, 91, 91, 72, 2, 2, 2, 2, 2, 2, 2, 10, 71, 71, 91
DB 91, 91, 91, 91, 90, 212, 190, 190, 190, 190, 198, 198, 198, 198, 24, 91, 91, 91, 91, 91
DB 91, 91, 91, 91, 91, 91, 91, 91, 91, 91, 91, 91, 91, 91, 91, 91, 91, 91, 91, 91
DB 7, 198, 198, 198, 198, 20, 190, 190, 190, 190, 27, 91, 91, 91, 91, 91, 91, 91, 91, 91
DB 71, 71, 71, 71, 71, 71, 71, 71, 91, 91, 91, 91, 91, 91, 90, 212, 190, 190, 190, 190
DB 198, 198, 198, 198, 24, 91, 91, 91, 91, 91, 91, 91, 91, 91, 91, 91, 91, 91, 91, 91
DB 91, 91, 91, 91, 91, 91, 91, 91, 91, 91, 7, 198, 198, 198, 198, 20, 190, 190, 190, 190
DB 27, 91, 91, 91, 91, 91, 91, 91, 91, 91, 91, 91, 91, 91, 91, 91, 91, 91, 91, 91
DB 91, 91, 91, 91, 90, 212, 190, 190, 190, 190, 198, 198, 198, 198, 24, 91, 91, 91, 91, 91
DB 91, 91, 91, 91, 91, 91, 91, 91, 91, 91, 91, 91, 91, 91, 91, 91, 91, 91, 91, 91
DB 27, 198, 198, 198, 198, 20, 190, 190, 190, 190, 164, 24, 24, 24, 24, 24, 24, 24, 24, 24
DB 24, 24, 24, 24, 24, 24, 24, 24, 24, 24, 24, 24, 24, 24, 164, 189, 190, 190, 190, 190
DB 198, 198, 198, 198, 175, 24, 24, 24, 24, 24, 24, 24, 24, 24, 24, 24, 24, 24, 24, 24
DB 24, 24, 24, 24, 24, 24, 24, 24, 24, 24, 22, 198, 198, 198, 198, 20, 190, 190, 190, 190
DB 190, 190, 190, 190, 190, 190, 190, 190, 190, 190, 190, 190, 190, 190, 190, 190, 190, 190, 190, 190
DB 190, 190, 190, 190, 190, 190, 190, 190, 190, 190, 198, 198, 198, 198, 198, 198, 198, 198, 198, 198
DB 198, 198, 198, 198, 198, 198, 198, 198, 198, 198, 198, 198, 198, 198, 198, 198, 198, 198, 198, 198
DB 198, 198, 198, 198, 198, 20, 190, 190, 190, 190, 190, 190, 190, 190, 190, 190, 190, 190, 190, 190
DB 190, 190, 190, 190, 190, 190, 190, 190, 190, 190, 190, 190, 190, 190, 190, 190, 190, 190, 190, 190
DB 198, 198, 198, 198, 198, 198, 198, 198, 198, 198, 198, 198, 198, 198, 198, 198, 198, 198, 198, 198
DB 198, 198, 198, 198, 198, 198, 198, 198, 198, 198, 198, 198, 198, 198, 198, 20, 190, 190, 190, 190
DB 190, 190, 190, 190, 190, 190, 190, 190, 190, 190, 190, 190, 190, 190, 190, 190, 190, 190, 190, 190
DB 190, 190, 190, 190, 190, 190, 190, 190, 190, 190, 198, 198, 198, 198, 198, 198, 198, 198, 198, 198
DB 198, 198, 198, 198, 198, 198, 198, 198, 198, 198, 198, 198, 198, 198, 198, 198, 198, 198, 198, 198
DB 198, 198, 198, 198, 198, 20, 190, 190, 190, 190, 190, 190, 190, 190, 190, 190, 190, 190, 190, 190
DB 190, 190, 190, 190, 190, 190, 190, 190, 190, 190, 190, 190, 190, 190, 190, 190, 190, 190, 190, 190